 # r1,r2 - radial coordinates of the segment    [m]        
 # z1,z2 - vertical coordinates of the segemnt  [m]        
 # rc,zc - coordinates of the segment center    [m]        
 # xc    - coordinate along the target (0 at SP)[m]        
 # ne    - electron density                     [m^-3]     
 # Te    - electron temperature                 [eV]       
 # Ti    - ion temperature                      [eV]       
 # Tn    - neurtal temperature                  [eV]       
 # flxi  - ion flux (only fuel ions)            [m^-2*s^-1]
 # flxn  - neutral flux (only fuel atoms)       [m^-2*s^-1]
 # prm   - molecule pressure (only fuel mol.)   [Pa]       
 # pwre  - electron power flux                  [W/m^2]    
 # pwri  - ion power flux (including recomb.)   [W/m^2]    
 # pwrn  - neutral power flux                   [W/m^2]    
 # pwrr  - radiation power flux                 [W/m^2]    
 #      r1            z1            r2            z2            rc            zc            xc            ne            Te            Ti            Tn           flxi          flxn          prm           pwre          pwri          pwrn          pwrr     
    4.177351E+00 -3.888477E+00  4.181785E+00 -3.879397E+00  4.179568E+00 -3.883937E+00 -9.425965E-02  3.519983E+18  5.502047E-02  9.261384E-02  1.000015E-06  5.798422E+20  0.000000E+00  1.215374E+01  1.934289E+01  1.362826E+03  2.365619E+04  0.000000E+00
    4.181785E+00 -3.879397E+00  4.186185E+00 -3.870388E+00  4.183985E+00 -3.874893E+00 -8.920750E-02  6.122864E+18  6.711487E-02  1.177200E-01  2.468684E-01  1.235741E+21  1.957278E+19  1.127329E+01  4.630376E+01  2.863888E+03  2.198000E+04  0.000000E+00
    4.186185E+00 -3.870388E+00  4.190560E+00 -3.861432E+00  4.188372E+00 -3.865910E+00 -7.914237E-02  1.927321E+19  6.904782E-02  1.074717E-01  3.340440E-01  4.176005E+21  1.264267E+22  1.270836E+01  1.523970E+02  9.515025E+03  2.880946E+04  0.000000E+00
    4.190560E+00 -3.861432E+00  4.194781E+00 -3.852789E+00  4.192670E+00 -3.857110E+00 -6.914545E-02  3.846825E+19  7.764415E-02  1.265593E-01  3.549333E-01  9.441028E+21  1.163320E+22  1.664199E+01  3.778728E+02  2.137112E+04  3.997349E+04  0.000000E+00
    4.194781E+00 -3.852789E+00  4.198859E+00 -3.844440E+00  4.196820E+00 -3.848614E+00 -5.935239E-02  6.764170E+19  1.023471E-01  1.693915E-01  2.397818E-01  1.956905E+22  1.070908E+22  1.514116E+01  1.021550E+03  4.437271E+04  3.974044E+04  0.000000E+00
    4.198859E+00 -3.844440E+00  4.202738E+00 -3.836497E+00  4.200798E+00 -3.840468E+00 -4.989713E-02  1.290524E+20  1.393273E-01  2.374373E-01  2.408172E-01  4.458338E+22  1.678368E+22  1.857338E+01  3.144011E+03  1.016427E+05  5.027509E+04  0.000000E+00
    4.202738E+00 -3.836497E+00  4.206322E+00 -3.829157E+00  4.204530E+00 -3.832827E+00 -4.083146E-02  1.731736E+20  1.459830E-01  2.336527E-01  4.633902E-01  5.983934E+22  2.161858E+22  1.999631E+01  4.420478E+03  1.366078E+05  5.801900E+04  0.000000E+00
    4.206322E+00 -3.829157E+00  4.209604E+00 -3.822439E+00  4.207963E+00 -3.825798E+00 -3.232763E-02  2.632770E+20  1.744224E-01  2.930033E-01  4.807857E-01  9.987818E+22  1.176929E+23  3.615347E+01  8.837620E+03  2.297546E+05  1.259614E+05  0.000000E+00
    4.209604E+00 -3.822439E+00  4.212574E+00 -3.816358E+00  4.211089E+00 -3.819399E+00 -2.450517E-02  3.780671E+20  1.999652E-01  3.396804E-01  6.041492E-01  1.526784E+23  1.742284E+23  4.894270E+01  1.552607E+04  3.536486E+05  1.804076E+05  0.000000E+00
    4.212574E+00 -3.816358E+00  4.215103E+00 -3.811179E+00  4.213838E+00 -3.813768E+00 -1.738304E-02  5.116394E+20  2.084521E-01  3.473934E-01  6.011566E-01  2.070573E+23  2.161527E+23  5.612944E+01  2.205095E+04  4.816369E+05  2.217459E+05  0.000000E+00
    4.215103E+00 -3.811179E+00  4.217156E+00 -3.806976E+00  4.216129E+00 -3.809077E+00 -1.111709E-02  5.741058E+20  2.008997E-01  3.335289E-01  5.285675E-01  2.252439E+23  2.508989E+23  8.295364E+01  2.323476E+04  5.242208E+05  3.206102E+05  0.000000E+00
    4.217156E+00 -3.806976E+00  4.218717E+00 -3.803779E+00  4.217936E+00 -3.805378E+00 -5.896633E-03  6.768592E+20  1.834162E-01  3.021950E-01  5.324122E-01  2.511529E+23  6.829225E+23  1.158402E+02  2.369453E+04  5.833339E+05  5.091372E+05  0.000000E+00
    4.218717E+00 -3.803779E+00  4.221888E+00 -3.797287E+00  4.220303E+00 -3.800533E+00 -1.779093E-03  8.639985E+20  2.682122E-01  4.556297E-01  6.241640E-01  3.864683E+23  5.571171E+23  1.710965E+02  5.364004E+04  9.174135E+05  7.621786E+05  0.000000E+00
    4.221888E+00 -3.797287E+00  4.226722E+00 -3.787388E+00  4.224305E+00 -3.792337E+00  3.612520E-03  1.059316E+21  2.575977E-01  4.164674E-01  6.463548E-01  4.416954E+23  1.213935E+24  1.958489E+02  5.989901E+04  1.056505E+06  9.593444E+05  0.000000E+00
    4.226722E+00 -3.787388E+00  4.233003E+00 -3.774528E+00  4.229863E+00 -3.780958E+00  1.273325E-02  1.127583E+21  2.723810E-01  4.391163E-01  6.612271E-01  4.725180E+23  1.170623E+24  2.149216E+02  6.832660E+04  1.147440E+06  1.032294E+06  0.000000E+00
    4.233003E+00 -3.774528E+00  4.240858E+00 -3.758444E+00  4.236931E+00 -3.766486E+00  2.539713E-02  1.536166E+21  3.296775E-01  5.603935E-01  8.107240E-01  7.737811E+23  1.318181E+24  1.723362E+02  1.294749E+05  1.864249E+06  1.058431E+06  0.000000E+00
    4.240858E+00 -3.758444E+00  4.250132E+00 -3.739457E+00  4.245495E+00 -3.748950E+00  4.150263E-02  1.452517E+21  4.407937E-01  7.642193E-01  1.042779E+00  8.685130E+23  6.204580E+23  6.237309E+01  1.906486E+05  2.116900E+06  4.777087E+05  0.000000E+00
    4.250132E+00 -3.739457E+00  4.260825E+00 -3.717562E+00  4.255478E+00 -3.728509E+00  6.101804E-02  9.432998E+20  5.612602E-01  9.768954E-01  1.436880E+00  6.285211E+23  5.285974E+23  3.218790E+01  1.753839E+05  1.561043E+06  3.811107E+05  0.000000E+00
    4.260825E+00 -3.717562E+00  4.272980E+00 -3.692673E+00  4.266902E+00 -3.705117E+00  8.376698E-02  6.990316E+20  7.017708E-01  1.334123E+00  1.867724E+00  5.233529E+23  5.235597E+23  1.795251E+01  1.828712E+05  1.336223E+06  3.919125E+05  0.000000E+00
    4.272980E+00 -3.692673E+00  4.286621E+00 -3.664742E+00  4.279801E+00 -3.678708E+00  1.097993E-01  4.968681E+20  7.762570E-01  1.512698E+00  2.373466E+00  3.848848E+23  2.969600E+23  7.043149E+00  1.564651E+05  9.974241E+05  2.506725E+05  0.000000E+00
    4.286621E+00 -3.664742E+00  4.301800E+00 -3.633663E+00  4.294211E+00 -3.649202E+00  1.391904E-01  2.962546E+20  1.018223E+00  1.843239E+00  2.543012E+00  2.487831E+23  1.851825E+23  4.110262E+00  1.484028E+05  6.689648E+05  1.653278E+05  0.000000E+00
    4.301800E+00 -3.633663E+00  4.318732E+00 -3.598993E+00  4.310266E+00 -3.616328E+00  1.720267E-01  1.881764E+20  1.078145E+00  2.031854E+00  2.694584E+00  1.599017E+23  9.942046E+22  8.287608E-01  1.041155E+05  4.371734E+05  8.833965E+04  0.000000E+00
    4.318732E+00 -3.598993E+00  4.337593E+00 -3.560375E+00  4.328163E+00 -3.579684E+00  2.086121E-01  1.226796E+20  1.372657E+00  2.626331E+00  4.015164E+00  1.145751E+23  7.981659E+22  1.480086E+00  9.916819E+04  3.286959E+05  1.074609E+05  0.000000E+00
    4.337593E+00 -3.560375E+00  4.358848E+00 -3.516856E+00  4.348220E+00 -3.538616E+00  2.493926E-01  7.570630E+19  1.408423E+00  2.620708E+00  3.227187E+00  6.904994E+22  2.344747E+22  3.107123E-01  6.242560E+04  1.981152E+05  2.506424E+04  0.000000E+00
    4.358848E+00 -3.516856E+00  4.377053E+00 -3.472188E+00  4.367950E+00 -3.494522E+00  2.950977E-01  4.566243E+19  1.891013E+00  3.431998E+00  3.507439E+00  4.671022E+22  4.696727E+22  5.232500E-01  5.823927E+04  1.419950E+05  5.418841E+04  0.000000E+00
    4.377053E+00 -3.472188E+00  4.394864E+00 -3.424207E+00  4.385958E+00 -3.448198E+00  3.434314E-01  2.714504E+19  1.876458E+00  3.484201E+00  3.693190E+00  2.730776E+22  2.988528E+22  1.376447E-01  3.390396E+04  8.544723E+04  3.588862E+04  0.000000E+00
    4.394864E+00 -3.424207E+00  4.422179E+00 -3.361917E+00  4.408521E+00 -3.393062E+00  3.931392E-01  1.580511E+19  2.407703E+00  4.174092E+00  5.379450E+00  1.728107E+22  1.679176E+22  7.159384E-02  2.772972E+04  5.613990E+04  2.907798E+04  0.000000E+00
    4.422179E+00 -3.361917E+00  4.464877E+00 -3.269384E+00  4.443528E+00 -3.315651E+00  4.527371E-01  1.027579E+19  2.583381E+00  4.727442E+00  2.570410E+00  1.153426E+22  4.830037E+21  1.611205E-02  1.984516E+04  3.854755E+04  4.014228E+03  0.000000E+00
    4.464877E+00 -3.269384E+00  4.499368E+00 -3.164305E+00  4.482123E+00 -3.216844E+00  5.376995E-01  6.330968E+18  3.359482E+00  5.716915E+00  1.157522E+01  7.793025E+21  2.521954E+21  1.202661E-02  1.746372E+04  2.853364E+04  9.377657E+03  0.000000E+00
    4.499368E+00 -3.164305E+00  4.509850E+00 -3.083164E+00  4.504609E+00 -3.123734E+00  6.439519E-01  4.566404E+18  3.382064E+00  6.197937E+00  7.967756E+00  5.889303E+21  4.436414E+20  4.853731E-06  1.326366E+04  2.238300E+04  1.133294E+03  0.000000E+00
    4.509850E+00 -3.083164E+00  4.511043E+00 -3.015545E+00  4.510447E+00 -3.049354E+00  7.401570E-01  3.342674E+18  3.258879E+00  6.121840E+00  1.600860E+01  4.447273E+21  8.858559E+17  7.750550E-03  9.627901E+03  1.687521E+04  3.413157E+01  0.000000E+00
    4.511043E+00 -3.015545E+00  4.503461E+00 -2.975562E+00  4.507252E+00 -2.995553E+00  8.148795E-01  2.330683E+18  3.227631E+00  5.878162E+00  2.001264E+00  3.167679E+21  2.983913E+21  5.047263E-05  6.794170E+03  1.213460E+04  1.913811E+03  0.000000E+00
    4.503461E+00 -2.975562E+00  4.496444E+00 -2.938603E+00  4.499953E+00 -2.957082E+00  8.690424E-01  1.645141E+18  3.117808E+00  5.822337E+00  2.004473E+01  2.282545E+21  6.074091E+20  0.000000E+00  4.730795E+03  8.168262E+03  3.929956E+03  0.000000E+00
    4.496444E+00 -2.938603E+00  4.489748E+00 -2.907941E+00  4.493096E+00 -2.923272E+00  9.081996E-01  1.187507E+18  2.938298E+00  5.407390E+00  1.431046E+01  1.636729E+21  1.405039E+21  4.237889E-05  3.196182E+03  5.829082E+03  6.442992E+03  0.000000E+00
    4.489748E+00 -2.907941E+00  4.482527E+00 -2.890515E+00  4.486137E+00 -2.899228E+00  9.427014E-01  7.724706E+17  2.782190E+00  4.939423E+00  1.075666E+01  1.046481E+21  9.170700E+17  7.833149E-06  1.934784E+03  3.744001E+03  3.167826E+00  0.000000E+00
    4.482527E+00 -2.890515E+00  4.477018E+00 -2.877222E+00  4.479773E+00 -2.883869E+00  9.678249E-01  3.677205E+17  2.680417E+00  4.057678E+00  4.814627E+00  4.757300E+20  9.565997E+18  4.861997E-05  8.450156E+02  2.181863E+03  1.480596E+01  0.000000E+00
