 # r1,r2 - radial coordinates of the segment    [m]        
 # z1,z2 - vertical coordinates of the segemnt  [m]        
 # rc,zc - coordinates of the segment center    [m]        
 # ne    - electron density                     [m^-3]     
 # Te    - electron temperature                 [eV]       
 # Ti    - ion temperature                      [eV]       
 # Tn    - neutral temperature                  [eV]       
 # flxi  - ion flux (only fuel ions)            [m^-2*s^-1]
 # flxn  - neutral flux (only fuel atoms)       [m^-2*s^-1]
 # prm   - molectule pressure (only fuel mol.)  [Pa]       
 # pwre  - electron power flux                  [W/m^2]    
 # pwri  - ion power flux (including recomb.)   [W/m^2]    
 # pwrn  - neutral power flux                   [W/m^2]    
 # pwrr  - radiation power flux                 [W/m^2]    
 #      r1            z1            r2            z2            rc            zc            ne            Te            Ti            Tn           flxi          flxn          prm           pwre          pwri          pwrn          pwrr     
    4.780875E+00 -4.264599E+00  4.788588E+00 -4.267728E+00  4.784731E+00 -4.266164E+00  1.000005E+10  3.000000E-02  3.947633E-01  2.003767E+00  4.184940E+11  1.461593E+21  8.037677E-02  7.811178E-08  0.000000E+00  6.908873E+02  1.135320E+03
    4.788588E+00 -4.267728E+00  4.803913E+00 -4.273936E+00  4.796250E+00 -4.270832E+00  1.000735E+10  3.000000E-02  3.947634E-01  2.102187E+00  2.333953E+11  1.564238E+21  8.101011E-02  4.356316E-08  0.000000E+00  8.031740E+02  1.133008E+03
    4.803913E+00 -4.273936E+00  4.819940E+00 -4.280436E+00  4.811926E+00 -4.277186E+00  1.000000E+10  3.000000E-02  3.947122E-01  2.207761E+00  1.585421E+11  1.584934E+21  7.878719E-02  2.959184E-08  0.000000E+00  7.168273E+02  1.128975E+03
    4.819940E+00 -4.280436E+00  4.843958E+00 -4.290170E+00  4.831949E+00 -4.285303E+00  1.000007E+10  3.000000E-02  3.947120E-01  2.175980E+00  1.387230E+11  1.558675E+21  7.944279E-02  2.589260E-08  0.000000E+00  9.153519E+02  1.132037E+03
    4.843958E+00 -4.290170E+00  4.875390E+00 -4.302910E+00  4.859674E+00 -4.296540E+00  1.000017E+10  3.000000E-02  3.947111E-01  2.162012E+00  6.198296E+10  1.566556E+21  8.120372E-02  1.156910E-08  0.000000E+00  7.869632E+02  1.162028E+03
    4.875390E+00 -4.302910E+00  4.909200E+00 -4.316612E+00  4.892295E+00 -4.309761E+00  1.000960E+10  3.000000E-02  3.947092E-01  2.117507E+00  2.926232E+11  1.620216E+21  7.871964E-02  5.462094E-08  0.000000E+00  7.799399E+02  1.179585E+03
    4.909200E+00 -4.316612E+00  4.927625E+00 -4.324082E+00  4.918413E+00 -4.320347E+00  1.000009E+10  3.000000E-02  3.947066E-01  2.233247E+00  2.684767E+11  1.675224E+21  7.809419E-02  5.011377E-08  0.000000E+00  9.158377E+02  1.201405E+03
    4.927625E+00 -4.324082E+00  4.942374E+00 -4.330060E+00  4.935000E+00 -4.327071E+00  1.000009E+10  3.000000E-02  3.947066E-01  2.199357E+00  2.680514E+11  1.638394E+21  8.047850E-02  5.003438E-08  0.000000E+00  9.945769E+02  1.221075E+03
    4.942374E+00 -4.330060E+00  4.975119E+00 -4.343331E+00  4.958747E+00 -4.336695E+00  1.000000E+10  3.000000E-02  3.947035E-01  2.241852E+00  4.188099E+11  1.690626E+21  7.903544E-02  7.817492E-08  0.000000E+00  8.750634E+02  1.243167E+03
    4.975119E+00 -4.343331E+00  5.008119E+00 -4.356712E+00  4.991619E+00 -4.350022E+00  1.000553E+10  3.000000E-02  3.947001E-01  2.211152E+00  7.894022E+11  1.697380E+21  7.839027E-02  1.473495E-07  0.000000E+00  9.775817E+02  1.254569E+03
    5.008119E+00 -4.356712E+00  5.039027E+00 -4.369241E+00  5.023573E+00 -4.362977E+00  1.000000E+10  3.000000E-02  3.946962E-01  2.078909E+00  8.576991E+11  1.694288E+21  7.649023E-02  1.600978E-07  0.000000E+00  1.022201E+03  1.227107E+03
    5.039027E+00 -4.369241E+00  5.069589E+00 -4.381627E+00  5.054308E+00 -4.375434E+00  1.000000E+10  3.000000E-02  3.946962E-01  2.207093E+00  1.056179E+12  1.723538E+21  7.643054E-02  1.971460E-07  0.000000E+00  1.035234E+03  1.210199E+03
    5.069589E+00 -4.381627E+00  5.099601E+00 -4.393788E+00  5.084595E+00 -4.387708E+00  1.000000E+10  3.000000E-02  3.946962E-01  2.073259E+00  1.347918E+12  1.712918E+21  7.640531E-02  2.516020E-07  0.000000E+00  9.017203E+02  1.180866E+03
    5.099601E+00 -4.393788E+00  5.108873E+00 -4.397548E+00  5.104237E+00 -4.395668E+00  1.001965E+10  3.000000E-02  4.222742E-01  2.019447E+00  1.456243E+12  1.732208E+21  7.431774E-02  2.718218E-07  0.000000E+00  1.126307E+03  1.123530E+03
    5.108873E+00 -4.397548E+00  5.128583E+00 -4.405537E+00  5.118728E+00 -4.401543E+00  1.001965E+10  3.000000E-02  4.222742E-01  1.963661E+00  1.550775E+12  1.576790E+21  7.683006E-02  2.912270E-07  0.000000E+00  9.517565E+02  1.082623E+03
    5.128583E+00 -4.405537E+00  5.156084E+00 -4.416687E+00  5.142333E+00 -4.411112E+00  1.000000E+10  3.000000E-02  4.222717E-01  2.014075E+00  1.654225E+12  1.460678E+21  7.614372E-02  3.106544E-07  0.000000E+00  7.090144E+02  9.435966E+02
    5.156084E+00 -4.416687E+00  5.183170E+00 -4.427130E+00  5.169627E+00 -4.421908E+00  1.000000E+10  3.000000E-02  4.222717E-01  1.941036E+00  2.041106E+12  1.243293E+21  7.547606E-02  3.833086E-07  0.000000E+00  5.619633E+02  4.786670E+02
    5.183170E+00 -4.427130E+00  5.188632E+00 -4.425777E+00  5.185901E+00 -4.426453E+00  1.000000E+10  3.000000E-02  4.222717E-01  2.003148E+00  4.837469E+12  1.273131E+21  7.396008E-02  9.084503E-07  0.000000E+00  4.704039E+02  5.243828E+02
    5.188632E+00 -4.425777E+00  5.203751E+00 -4.409804E+00  5.196192E+00 -4.417790E+00  1.000000E+10  3.000000E-02  4.361545E-01  1.867260E+00  5.691147E+12  1.249439E+21  7.611664E-02  1.104367E-06  0.000000E+00  8.875108E+02  6.310007E+02
    5.203751E+00 -4.409804E+00  5.200826E+00 -4.398887E+00  5.202289E+00 -4.404345E+00  1.000000E+10  3.000000E-02  4.361545E-01  1.795282E+00  2.757317E+12  1.106637E+21  7.427568E-02  5.350572E-07  0.000000E+00  8.719165E+02  3.874848E+02
    5.200826E+00 -4.398887E+00  5.196187E+00 -4.381575E+00  5.198506E+00 -4.390231E+00  1.000000E+10  3.000000E-02  3.931864E-01  1.794232E+00  2.503202E+12  1.102957E+21  7.584829E-02  4.420188E-07  0.000000E+00  8.035411E+02  4.122156E+02
    5.196187E+00 -4.381575E+00  5.195513E+00 -4.353925E+00  5.195850E+00 -4.367750E+00  1.000000E+10  3.000000E-02  3.931864E-01  1.883320E+00  3.550372E+12  1.371021E+21  7.351848E-02  6.269293E-07  0.000000E+00  9.964627E+02  5.706133E+02
    5.195513E+00 -4.353925E+00  5.209082E+00 -4.331521E+00  5.202298E+00 -4.342723E+00  1.000000E+10  3.000000E-02  4.197074E-01  2.014752E+00  4.976718E+12  1.885050E+21  7.836245E-02  9.388880E-07  0.000000E+00  1.586485E+03  9.210078E+02
    5.209082E+00 -4.331521E+00  5.210272E+00 -4.329834E+00  5.209677E+00 -4.330677E+00  1.000000E+10  3.000000E-02  4.250282E-01  1.965562E+00  5.037815E+12  2.093150E+21  7.594433E-02  9.511044E-07  0.000000E+00  1.561812E+03  1.045866E+03
    5.210272E+00 -4.329834E+00  5.223479E+00 -4.311059E+00  5.216876E+00 -4.320446E+00  1.000000E+10  3.000000E-02  4.250282E-01  2.039724E+00  4.997975E+12  2.007514E+21  7.298243E-02  9.435829E-07  0.000000E+00  1.382845E+03  1.092272E+03
    5.223479E+00 -4.311059E+00  5.240071E+00 -4.292359E+00  5.231775E+00 -4.301709E+00  1.000000E+10  3.000000E-02  4.681904E-01  2.137049E+00  5.101691E+12  2.277417E+21  7.349389E-02  1.047144E-06  0.000000E+00  1.728270E+03  1.300322E+03
    5.240071E+00 -4.292359E+00  5.256465E+00 -4.275969E+00  5.248268E+00 -4.284164E+00  1.300898E+10  8.093921E-02  5.132631E-01  2.141381E+00  7.225261E+12  2.437355E+21  7.185514E-02  1.974880E-06  0.000000E+00  1.752423E+03  1.650997E+03
    5.256465E+00 -4.275969E+00  5.272241E+00 -4.260841E+00  5.264353E+00 -4.268405E+00  6.205142E+10  1.806218E-01  8.302020E-01  2.538026E+00  4.491371E+13  2.538964E+21  8.147094E-02  2.136937E-05  0.000000E+00  1.895707E+03  1.863969E+03
    5.272241E+00 -4.260841E+00  5.283647E+00 -4.272135E+00  5.277944E+00 -4.266488E+00  8.297635E+11  3.179080E-01  3.419609E+00  2.963243E+00  8.517886E+13  6.346454E+21  1.029206E-01  1.423848E-04  0.000000E+00  8.508696E+03  5.302026E+03
    5.283647E+00 -4.272135E+00  5.306730E+00 -4.295208E+00  5.295189E+00 -4.283671E+00  8.776761E+11  3.179073E-01  3.419632E+00  3.000385E+00  9.694287E+13  6.751321E+21  1.027343E-01  1.620495E-04  0.000000E+00  9.225348E+03  5.762821E+03
    5.306730E+00 -4.295208E+00  5.327744E+00 -4.316220E+00  5.317237E+00 -4.305714E+00  4.977519E+11  3.179062E-01  3.419638E+00  3.018431E+00  1.067809E+14  7.476117E+21  1.056227E-01  1.784947E-04  0.000000E+00  1.049906E+04  6.403208E+03
    5.327744E+00 -4.316220E+00  5.348084E+00 -4.336547E+00  5.337914E+00 -4.326383E+00  4.977519E+11  3.179062E-01  3.419638E+00  3.118311E+00  1.097738E+14  8.149560E+21  1.139551E-01  1.834977E-04  0.000000E+00  1.320455E+04  7.104484E+03
    5.348084E+00 -4.336547E+00  5.367876E+00 -4.356334E+00  5.357980E+00 -4.346440E+00  4.977519E+11  3.179062E-01  3.419638E+00  3.193785E+00  1.491223E+14  9.349376E+21  1.233701E-01  2.492725E-04  0.000000E+00  1.466248E+04  7.913697E+03
    5.367876E+00 -4.356334E+00  5.368058E+00 -4.356519E+00  5.367967E+00 -4.356426E+00  1.495003E+13  4.757331E-01  3.691567E+00  3.218249E+00  2.506244E+15  9.888766E+21  1.339266E-01  4.775050E-03  0.000000E+00  1.860796E+04  8.396889E+03
    5.368058E+00 -4.356519E+00  5.386070E+00 -4.374518E+00  5.377064E+00 -4.365518E+00  1.484501E+13  4.757275E-01  3.691553E+00  3.159556E+00  2.825940E+15  1.056259E+22  1.365037E-01  5.384154E-03  0.000000E+00  1.722189E+04  8.814723E+03
    5.386070E+00 -4.374518E+00  5.402707E+00 -4.391152E+00  5.394389E+00 -4.382835E+00  8.019862E+12  4.757199E-01  3.691541E+00  3.137678E+00  3.083803E+15  1.230932E+22  1.534212E-01  5.875451E-03  0.000000E+00  2.029838E+04  9.759584E+03
    5.402707E+00 -4.391152E+00  5.418655E+00 -4.407094E+00  5.410681E+00 -4.399123E+00  8.019862E+12  4.757199E-01  3.691541E+00  3.154602E+00  3.233133E+15  1.458076E+22  1.705122E-01  6.159964E-03  0.000000E+00  2.471225E+04  1.074743E+04
    5.418655E+00 -4.407094E+00  5.424767E+00 -4.413206E+00  5.421711E+00 -4.410150E+00  8.019862E+12  4.757199E-01  3.691541E+00  3.152256E+00  2.813515E+15  1.566729E+22  1.805318E-01  5.360481E-03  0.000000E+00  2.650849E+04  1.144713E+04
    5.424767E+00 -4.413206E+00  5.434060E+00 -4.422493E+00  5.429414E+00 -4.417849E+00  1.568526E+14  6.918905E-01  3.668879E+00  3.083324E+00  2.593341E+16  1.708629E+22  2.049079E-01  5.318033E-02  0.000000E+00  2.830395E+04  1.193260E+04
    5.434060E+00 -4.422493E+00  5.448731E+00 -4.437157E+00  5.441396E+00 -4.429825E+00  7.162706E+13  6.918535E-01  3.668820E+00  3.071223E+00  3.146364E+16  1.904752E+22  2.194523E-01  6.452088E-02  0.000000E+00  3.153335E+04  1.263775E+04
    5.448731E+00 -4.437157E+00  5.462144E+00 -4.450568E+00  5.455438E+00 -4.443862E+00  7.162706E+13  6.918535E-01  3.668820E+00  2.995039E+00  3.532973E+16  2.192731E+22  2.429599E-01  7.244887E-02  0.000000E+00  3.441412E+04  1.328763E+04
    5.462144E+00 -4.450568E+00  5.470412E+00 -4.458835E+00  5.466278E+00 -4.454702E+00  7.162706E+13  6.918535E-01  3.668820E+00  2.978481E+00  3.720104E+16  2.402434E+22  2.642226E-01  7.628628E-02  0.000000E+00  3.667398E+04  1.356068E+04
    5.470412E+00 -4.458835E+00  5.474199E+00 -4.462625E+00  5.472305E+00 -4.460730E+00  1.100228E+15  8.233334E-01  3.270050E+00  2.861782E+00  2.706499E+17  2.452161E+22  2.919961E-01  5.454820E-01  0.000000E+00  3.797209E+04  1.359035E+04
    5.474199E+00 -4.462625E+00  5.485384E+00 -4.473807E+00  5.479791E+00 -4.468216E+00  5.235266E+14  8.231733E-01  3.269806E+00  2.835317E+00  2.799512E+17  2.549944E+22  3.032495E-01  5.642283E-01  0.000000E+00  3.670351E+04  1.346764E+04
    5.485384E+00 -4.473807E+00  5.495882E+00 -4.484297E+00  5.490633E+00 -4.479052E+00  5.235266E+14  8.231733E-01  3.269806E+00  2.790372E+00  2.923878E+17  2.621181E+22  3.291180E-01  5.892937E-01  0.000000E+00  3.535509E+04  1.302482E+04
    5.495882E+00 -4.484297E+00  5.505756E+00 -4.494163E+00  5.500819E+00 -4.489230E+00  5.235266E+14  8.231733E-01  3.269806E+00  2.720234E+00  2.982498E+17  2.548992E+22  3.455370E-01  6.011083E-01  0.000000E+00  3.148128E+04  1.232862E+04
    5.505756E+00 -4.494163E+00  5.507447E+00 -4.495858E+00  5.506601E+00 -4.495010E+00  5.432873E+15  9.448957E-01  3.229224E+00  2.593931E+00  2.745649E+17  2.477769E+22  3.525570E-01  5.533726E-01  0.000000E+00  2.878839E+04  1.183318E+04
    5.507447E+00 -4.495858E+00  5.514915E+00 -4.503324E+00  5.511181E+00 -4.499591E+00  5.432873E+15  9.448957E-01  3.229224E+00  2.560198E+00  1.584324E+18  2.388999E+22  3.707146E-01  0.000000E+00  1.516716E+01  2.792169E+04  1.140922E+04
    5.514915E+00 -4.503324E+00  5.523489E+00 -4.511895E+00  5.519202E+00 -4.507610E+00  2.962336E+15  9.443462E-01  3.227448E+00  2.468845E+00  1.627833E+18  2.148812E+22  3.746081E-01  0.000000E+00  2.448351E+01  2.282035E+04  1.060917E+04
    5.523489E+00 -4.511895E+00  5.531224E+00 -4.519627E+00  5.527357E+00 -4.515761E+00  2.962336E+15  9.443462E-01  3.227448E+00  2.386428E+00  1.735454E+18  1.908715E+22  3.786822E-01  0.000000E+00  4.039980E+01  1.821527E+04  9.767023E+03
    5.531224E+00 -4.519627E+00  5.538387E+00 -4.526786E+00  5.534806E+00 -4.523207E+00  2.962336E+15  9.443462E-01  3.227448E+00  2.227035E+00  1.829309E+18  1.680170E+22  3.843821E-01  3.876662E+00  1.029461E+01  1.442408E+04  9.000196E+03
    5.538387E+00 -4.526786E+00  5.539667E+00 -4.528069E+00  5.539027E+00 -4.527428E+00  2.473536E+16  1.229572E+00  2.919141E+00  2.322307E+00  1.909118E+18  1.598916E+22  3.986337E-01  0.000000E+00  4.401750E+01  1.311419E+04  8.562692E+03
    5.539667E+00 -4.528069E+00  5.545156E+00 -4.533557E+00  5.542412E+00 -4.530813E+00  2.473536E+16  1.229572E+00  2.919141E+00  2.194827E+00  9.538840E+18  1.431129E+22  3.782626E-01  1.788879E+01  6.385029E+01  1.169769E+04  8.241102E+03
    5.545156E+00 -4.533557E+00  5.550275E+00 -4.538671E+00  5.547716E+00 -4.536114E+00  2.251466E+16  1.228278E+00  2.917410E+00  2.174461E+00  9.891988E+18  1.274403E+22  3.781483E-01  7.826769E+00  9.895525E+01  9.501066E+03  7.741088E+03
    5.550275E+00 -4.538671E+00  5.555408E+00 -4.543800E+00  5.552842E+00 -4.541236E+00  1.485617E+16  1.226693E+00  2.915952E+00  2.163792E+00  1.001531E+19  1.088529E+22  3.776844E-01  4.771305E+00  9.713181E+01  8.051939E+03  7.279410E+03
    5.555408E+00 -4.543800E+00  5.560423E+00 -4.548814E+00  5.557916E+00 -4.546307E+00  1.485617E+16  1.226693E+00  2.915952E+00  2.121847E+00  1.009420E+19  9.019872E+21  3.797215E-01  2.262089E+01  8.105980E+01  6.610278E+03  6.847693E+03
    5.560423E+00 -4.548814E+00  5.564195E+00 -4.550537E+00  5.562309E+00 -4.549675E+00  1.485617E+16  1.226693E+00  2.915952E+00  2.201590E+00  2.004807E+19  9.989446E+21  3.894862E-01  1.306693E+01  2.190771E+02  8.114479E+03  8.877455E+03
    5.564195E+00 -4.550537E+00  5.564194E+00 -4.547189E+00  5.564195E+00 -4.548863E+00  1.017269E+17  1.165565E+00  2.238076E+00  2.122504E+00  8.711433E+19  7.368105E+21  3.877381E-01  4.806682E+01  5.215532E+02  3.986919E+03  1.072671E+03
    5.564194E+00 -4.547189E+00  5.564198E+00 -4.539982E+00  5.564196E+00 -4.543586E+00  1.017269E+17  1.165565E+00  2.238076E+00  2.136695E+00  8.690895E+19  7.642371E+21  3.752104E-01  6.645878E+01  4.431860E+02  4.315453E+03  1.131051E+03
    5.564198E+00 -4.539982E+00  5.564197E+00 -4.532574E+00  5.564197E+00 -4.536278E+00  1.017269E+17  1.165565E+00  2.238076E+00  2.079369E+00  8.687930E+19  8.611242E+21  3.717560E-01  5.565779E+01  5.439157E+02  5.055837E+03  1.200186E+03
    5.564197E+00 -4.532574E+00  5.564197E+00 -4.525149E+00  5.564197E+00 -4.528862E+00  1.377288E+17  1.175718E+00  2.227758E+00  2.113526E+00  8.697077E+19  9.755886E+21  3.765450E-01  1.050607E+02  3.687431E+02  5.422900E+03  1.292725E+03
    5.564197E+00 -4.525149E+00  5.564194E+00 -4.525136E+00  5.564196E+00 -4.525143E+00  1.565016E+17  1.186350E+00  2.221945E+00  2.120062E+00  4.048168E+19  5.875496E+21  3.816976E-01  7.925472E+01  0.000000E+00  2.879032E+03  1.818171E+02
    5.564194E+00 -4.525136E+00  5.564194E+00 -4.502824E+00  5.564194E+00 -4.513980E+00  6.893600E+17  1.168071E+00  1.945452E+00  2.118464E+00  5.461422E+20  1.079007E+22  3.884364E-01  2.232980E+02  2.378692E+03  6.125914E+03  1.553178E+03
    5.564194E+00 -4.502824E+00  5.564195E+00 -4.479371E+00  5.564195E+00 -4.491098E+00  3.161562E+18  1.193914E+00  1.615162E+00  2.185499E+00  2.297749E+21  1.243407E+22  4.222519E-01  1.227818E+03  8.121950E+03  6.450407E+03  2.202419E+03
    5.564195E+00 -4.479371E+00  5.564195E+00 -4.459812E+00  5.564195E+00 -4.469591E+00  9.733628E+18  1.388464E+00  1.716147E+00  2.286806E+00  7.203075E+21  1.515638E+22  4.828345E-01  4.198405E+03  2.651446E+04  5.517113E+03  3.147594E+03
    5.564195E+00 -4.459812E+00  5.564195E+00 -4.441511E+00  5.564195E+00 -4.450661E+00  2.386560E+19  1.692847E+00  1.993684E+00  2.581938E+00  1.869672E+22  2.139447E+22  5.800855E-01  1.284732E+04  7.380528E+04  2.635836E+03  4.761543E+03
    5.564195E+00 -4.441511E+00  5.564195E+00 -4.427057E+00  5.564195E+00 -4.434284E+00  4.815654E+19  2.223455E+00  2.577503E+00  3.050083E+00  4.201416E+22  3.354478E+22  7.301999E-01  3.722509E+04  1.862237E+05 -6.505032E+03  7.833183E+03
    5.564195E+00 -4.427057E+00  5.564195E+00 -4.410169E+00  5.564195E+00 -4.418613E+00  8.306214E+19  3.512034E+00  4.116441E+00  4.097108E+00  8.955415E+22  6.196969E+22  7.204344E-01  1.271925E+05  4.921158E+05 -2.960119E+04  1.878259E+04
    5.564195E+00 -4.410169E+00  5.564196E+00 -4.385073E+00  5.564195E+00 -4.397621E+00  1.130536E+20  1.350028E+01  9.004239E+00  5.768214E+00  2.001199E+23  8.426975E+22  3.452415E-01  8.799226E+05  2.331033E+06 -1.909099E+05  6.620689E+04
    5.564196E+00 -4.385073E+00  5.564195E+00 -4.363133E+00  5.564196E+00 -4.374103E+00  2.356449E+19  4.134286E+01  2.341309E+01  7.991346E+00  6.830865E+22  2.652643E+22  1.588057E-01  8.798232E+05  2.018763E+06 -1.409558E+05  3.825393E+04
    5.564195E+00 -4.363133E+00  5.564195E+00 -4.341756E+00  5.564195E+00 -4.352445E+00  8.323417E+18  5.646799E+01  4.901324E+01  9.399274E+00  2.960499E+22  1.193718E+22  1.058124E-01  5.938760E+05  1.317404E+06 -7.971120E+04  2.281542E+04
    5.564195E+00 -4.341756E+00  5.564193E+00 -4.320921E+00  5.564194E+00 -4.331339E+00  5.487157E+18  5.573032E+01  5.862512E+01  1.022451E+01  1.965447E+22  7.703738E+21  8.002242E-02  4.081333E+05  9.344836E+05 -5.182727E+04  1.676327E+04
    5.564193E+00 -4.320921E+00  5.564192E+00 -4.297737E+00  5.564192E+00 -4.309329E+00  3.997982E+18  5.105241E+01  6.039624E+01  1.104606E+01  1.343034E+22  5.710821E+21  6.251112E-02  2.603974E+05  6.227094E+05 -3.116827E+04  1.345819E+04
    5.564192E+00 -4.297737E+00  5.564193E+00 -4.273492E+00  5.564193E+00 -4.285615E+00  3.244707E+18  4.728394E+01  5.931616E+01  1.112491E+01  1.021523E+22  4.437060E+21  4.677910E-02  1.959201E+05  4.434448E+05 -2.076246E+04  1.128276E+04
    5.564193E+00 -4.273492E+00  5.564192E+00 -4.248997E+00  5.564193E+00 -4.261245E+00  2.760613E+18  4.341559E+01  5.545330E+01  1.148915E+01  7.953560E+21  3.463874E+21  3.940458E-02  1.425219E+05  3.194482E+05 -1.351617E+04  9.751795E+03
    5.564192E+00 -4.248997E+00  5.564193E+00 -4.224262E+00  5.564193E+00 -4.236630E+00  2.463286E+18  3.956417E+01  5.135518E+01  1.134022E+01  6.519407E+21  2.987737E+21  3.032894E-02  1.049367E+05  2.448231E+05 -8.611997E+03  8.633242E+03
    5.564193E+00 -4.224262E+00  5.564192E+00 -4.195211E+00  5.564193E+00 -4.209737E+00  1.984476E+18  3.625813E+01  4.858980E+01  1.222773E+01  4.669598E+21  2.312481E+21  2.397620E-02  6.887139E+04  1.662522E+05 -4.422646E+03  7.639818E+03
    5.564192E+00 -4.195211E+00  5.564193E+00 -4.164371E+00  5.564192E+00 -4.179791E+00  1.658087E+18  3.403565E+01  4.636761E+01  1.203652E+01  3.543713E+21  1.906523E+21  2.011902E-02  5.077324E+04  1.198969E+05 -2.465025E+03  6.740115E+03
    5.564193E+00 -4.164371E+00  5.564192E+00 -4.132936E+00  5.564192E+00 -4.148654E+00  1.420953E+18  3.182289E+01  4.388548E+01  1.149860E+01  2.764214E+21  1.533444E+21  1.734473E-02  3.438860E+04  9.083746E+04 -1.555536E+03  5.940293E+03
    5.564192E+00 -4.132936E+00  5.564191E+00 -4.132849E+00  5.564192E+00 -4.132893E+00  2.122871E+18  3.184140E+01  4.392298E+01  1.215773E+01  2.555019E+21  1.006484E+21  1.276726E-02  4.267110E+04  7.178513E+04  6.657881E+03  5.526544E+03
    5.564191E+00 -4.132849E+00  5.564192E+00 -4.094306E+00  5.564192E+00 -4.113577E+00  1.158862E+18  2.962243E+01  4.219093E+01  1.216903E+01  1.909487E+21  1.221305E+21  1.217411E-02  2.494137E+04  5.691230E+04  1.606295E+03  4.540276E+03
    5.564192E+00 -4.094306E+00  5.564192E+00 -4.094178E+00  5.564192E+00 -4.094242E+00  1.690658E+18  2.963733E+01  4.221559E+01  1.281050E+01  1.896870E+21  1.762688E+21  1.181235E-02  4.176755E+04  3.829739E+04  4.330072E+03  4.181246E+03
    5.564192E+00 -4.094178E+00  5.564191E+00 -4.073064E+00  5.564192E+00 -4.083621E+00  9.339444E+17  2.799775E+01  4.156090E+01  1.246729E+01  1.342193E+21  9.177392E+20  8.737051E-03  1.576447E+04  4.023334E+04  1.227927E+03  4.058449E+03
    5.564191E+00 -4.073064E+00  5.564192E+00 -4.051689E+00  5.564192E+00 -4.062376E+00  9.339444E+17  2.799775E+01  4.156090E+01  1.243690E+01  1.350369E+21  8.994474E+20  9.013951E-03  1.759007E+04  3.853025E+04  1.326289E+03  3.792723E+03
    5.564192E+00 -4.051689E+00  5.564191E+00 -4.051607E+00  5.564191E+00 -4.051648E+00  1.368648E+18  2.801161E+01  4.158476E+01  1.264235E+01  1.279607E+21  9.337855E+20  7.710203E-03  1.904130E+04  3.428146E+04 -2.184922E+02  3.725360E+03
    5.564191E+00 -4.051607E+00  5.564191E+00 -4.024970E+00  5.564191E+00 -4.038288E+00  7.585110E+17  2.625147E+01  4.080995E+01  1.319648E+01  9.249836E+20  7.971355E+20  6.702255E-03  1.067182E+04  2.626016E+04  3.084874E+03  3.509012E+03
    5.564191E+00 -4.024970E+00  5.564191E+00 -3.997165E+00  5.564191E+00 -4.011067E+00  7.585110E+17  2.625147E+01  4.080995E+01  1.366009E+01  8.288161E+20  7.049121E+20  7.202842E-03  1.040070E+04  2.264275E+04  2.796987E+03  3.234535E+03
    5.564191E+00 -3.997165E+00  5.564191E+00 -3.997029E+00  5.564191E+00 -3.997097E+00  1.055607E+18  2.626444E+01  4.083052E+01  1.330319E+01  8.187010E+20  7.338638E+20  7.066058E-03  1.421473E+04  1.810011E+04  5.191823E+03  3.074301E+03
    5.564191E+00 -3.997029E+00  5.564191E+00 -3.971825E+00  5.564191E+00 -3.984427E+00  6.256198E+17  2.493171E+01  4.058823E+01  1.392625E+01  5.526776E+20  6.164801E+20  4.372019E-03  5.547970E+03  1.600863E+04  2.858519E+03  2.979118E+03
    5.564191E+00 -3.971825E+00  5.564190E+00 -3.947615E+00  5.564190E+00 -3.959720E+00  6.256198E+17  2.493171E+01  4.058823E+01  1.417803E+01  5.247314E+20  5.375755E+20  5.499831E-03  5.565643E+03  1.484268E+04  2.359035E+03  2.783681E+03
    5.564190E+00 -3.947615E+00  5.564190E+00 -3.924506E+00  5.564190E+00 -3.936060E+00  9.016864E+17  2.494448E+01  4.060677E+01  1.507826E+01  4.878458E+20  4.630110E+20  5.536962E-03  5.649703E+03  1.333855E+04  2.342078E+03  2.604029E+03
    5.564190E+00 -3.924506E+00  5.564190E+00 -3.924333E+00  5.564190E+00 -3.924420E+00  9.348016E+17  2.495729E+01  4.063286E+01  1.405681E+01  3.901068E+20  1.911212E+20  3.871856E-03  4.837195E+03  1.031117E+04 -2.237783E+03  2.510914E+03
    5.564190E+00 -3.924333E+00  5.565012E+00 -3.902094E+00  5.564601E+00 -3.913213E+00  5.020532E+17  2.344286E+01  3.986402E+01  1.667312E+01  3.073262E+20  4.163511E+20  3.695912E-03  3.953628E+03  7.557954E+03  2.401743E+03  2.319901E+03
    5.565012E+00 -3.902094E+00  5.565822E+00 -3.881004E+00  5.565417E+00 -3.891549E+00  5.020532E+17  2.344286E+01  3.986402E+01  1.812174E+01  2.937593E+20  3.844479E+20  3.569371E-03  3.104148E+03  7.931277E+03  2.239258E+03  2.195143E+03
    5.565822E+00 -3.881004E+00  5.566564E+00 -3.861698E+00  5.566193E+00 -3.871351E+00  5.020532E+17  2.344286E+01  3.986402E+01  1.607841E+01  2.777698E+20  3.251090E+20  3.582613E-03  2.520991E+03  7.980745E+03  1.791179E+03  2.085521E+03
    5.566564E+00 -3.861698E+00  5.567260E+00 -3.843575E+00  5.566912E+00 -3.852637E+00  7.155972E+17  2.345519E+01  3.987861E+01  1.516852E+01  2.379604E+20  3.138648E+20  2.678569E-03  2.612471E+03  6.355359E+03  2.285344E+03  2.000995E+03
    5.567260E+00 -3.843575E+00  5.567922E+00 -3.826308E+00  5.567591E+00 -3.834942E+00  7.503294E+17  2.346718E+01  3.989775E+01  1.394062E+01  1.346563E+20  3.080446E+20  2.327195E-03  1.912185E+03  3.116053E+03  2.285734E+03  1.925446E+03
    5.567922E+00 -3.826308E+00  5.568583E+00 -3.809086E+00  5.568253E+00 -3.817697E+00  7.574681E+17  2.347897E+01  3.991896E+01  1.561180E+01  1.080003E+20  2.680516E+20  2.876112E-03  1.217733E+03  2.833778E+03  2.715619E+03  1.864566E+03
    5.568583E+00 -3.809086E+00  5.570171E+00 -3.788536E+00  5.569377E+00 -3.798811E+00  7.502678E+17  2.349130E+01  3.994287E+01  1.655228E+01  1.768003E+20  2.222696E+20  1.838474E-03  2.205720E+03  4.429310E+03  1.475415E+03  1.709351E+03
    5.570171E+00 -3.788536E+00  5.570256E+00 -3.788122E+00  5.570213E+00 -3.788329E+00  7.507634E+17  2.350457E+01  3.997103E+01  1.634294E+01  4.481528E+20  4.542031E+20  1.565887E-03  9.128943E+03  7.273348E+03  4.181592E+03  1.475541E+03
    5.570256E+00 -3.788122E+00  5.573073E+00 -3.774443E+00  5.571664E+00 -3.781283E+00  7.507634E+17  2.350457E+01  3.997103E+01  1.571898E+01  3.176083E+20  2.172014E+20  1.346358E-03  3.226029E+03  8.409190E+03  2.350957E+03  1.464628E+03
    5.573073E+00 -3.774443E+00  5.576000E+00 -3.760240E+00  5.574536E+00 -3.767341E+00  4.025474E+17  2.203253E+01  3.961232E+01  1.745899E+01  2.767897E+20  2.132022E+20  8.069737E-04  3.358478E+03  6.750502E+03  1.222000E+03  1.422577E+03
    5.576000E+00 -3.760240E+00  5.578696E+00 -3.747152E+00  5.577348E+00 -3.753696E+00  4.025474E+17  2.203253E+01  3.961232E+01  2.070165E+01  2.674316E+20  1.433228E+20  1.424198E-03  3.886679E+03  5.790000E+03  1.128190E+03  1.418258E+03
    5.578696E+00 -3.747152E+00  5.581988E+00 -3.731161E+00  5.580342E+00 -3.739156E+00  4.025474E+17  2.203253E+01  3.961232E+01  1.706452E+01  1.294875E+20  1.768171E+20  9.448096E-04  1.289186E+03  3.457899E+03  1.944529E+03  1.385829E+03
    5.581988E+00 -3.731161E+00  5.585098E+00 -3.716046E+00  5.583543E+00 -3.723603E+00  5.603461E+17  2.204652E+01  3.962460E+01  1.666521E+01  9.784742E+19  1.677233E+20  1.140698E-03  1.485302E+03  2.032593E+03  1.436070E+03  1.370748E+03
    5.585098E+00 -3.716046E+00  5.587598E+00 -3.703925E+00  5.586348E+00 -3.709986E+00  5.795623E+17  2.205793E+01  3.963947E+01  1.895086E+01  8.337680E+19  1.725823E+20  1.295542E-03  7.899296E+02  2.263576E+03  1.717981E+03  1.355031E+03
    5.587598E+00 -3.703925E+00  5.590952E+00 -3.691762E+00  5.589275E+00 -3.697844E+00  5.869605E+17  2.206790E+01  3.965564E+01  1.598843E+01  1.785209E+20  1.309406E+20  1.133725E-03  2.556945E+03  3.906598E+03  1.647663E+03  1.259529E+03
    5.590952E+00 -3.691762E+00  5.595980E+00 -3.679095E+00  5.593466E+00 -3.685429E+00  5.919598E+17  2.207770E+01  3.967488E+01  1.788606E+01  3.231523E+20  1.325036E+20  1.246131E-03  3.899797E+03  7.860051E+03  2.066806E+02  1.133969E+03
    5.595980E+00 -3.679095E+00  5.598976E+00 -3.671562E+00  5.597478E+00 -3.675328E+00  6.060683E+17  2.208750E+01  3.969742E+01  1.905965E+01  3.003337E+20  1.272981E+20  1.172236E-03  3.797427E+03  7.110782E+03  1.502248E+03  1.134090E+03
    5.598976E+00 -3.671562E+00  5.601154E+00 -3.666084E+00  5.600065E+00 -3.668823E+00  6.060683E+17  2.208750E+01  3.969742E+01  2.103085E+01  2.430033E+20  9.436330E+19  1.724406E-03  3.240703E+03  5.147004E+03  1.232460E+03  1.138858E+03
    5.601154E+00 -3.666084E+00  5.606725E+00 -3.652062E+00  5.603939E+00 -3.659073E+00  6.150199E+17  2.209738E+01  3.972465E+01  1.518352E+01  2.136906E+20  1.147615E+20  1.374701E-03  1.889759E+03  5.616957E+03  4.422034E+02  1.150124E+03
    5.606725E+00 -3.652062E+00  5.612364E+00 -3.637847E+00  5.609544E+00 -3.644954E+00  6.301190E+17  2.210705E+01  3.975711E+01  1.832196E+01  8.295268E+19  8.455564E+19  6.669321E-04  8.952456E+02  1.965620E+03  8.998035E+02  1.167581E+03
    5.612364E+00 -3.637847E+00  5.617965E+00 -3.623749E+00  5.615164E+00 -3.630798E+00  6.399411E+17  2.211583E+01  3.979191E+01  1.865477E+01  8.083762E+19  1.107813E+20  5.527145E-04  9.219372E+02  1.902205E+03  5.813928E+02  1.196356E+03
    5.617965E+00 -3.623749E+00  5.626330E+00 -3.602694E+00  5.622148E+00 -3.613222E+00  3.377229E+17  2.070204E+01  3.889714E+01  1.763537E+01  6.672256E+19  1.085050E+20  7.223543E-04  6.826142E+02  1.642180E+03  2.666289E+03  1.298186E+03
    5.626330E+00 -3.602694E+00  5.640547E+00 -3.570137E+00  5.633439E+00 -3.586415E+00  3.377229E+17  2.070204E+01  3.889714E+01  2.075088E+01  5.653792E+19  9.012598E+19  1.057872E-03  6.442892E+02  1.317759E+03  1.674922E+03  1.582410E+03
    5.640547E+00 -3.570137E+00  5.672355E+00 -3.521732E+00  5.656451E+00 -3.545935E+00  3.377229E+17  2.070204E+01  3.889714E+01  1.943702E+01  1.505752E+20  8.396557E+19  8.062805E-04  1.482644E+03  3.759793E+03  8.715071E+02  1.391450E+03
    5.672355E+00 -3.521732E+00  5.699740E+00 -3.480061E+00  5.686047E+00 -3.500897E+00  5.011269E+17  2.076510E+01  3.900055E+01  1.714436E+01  4.526186E+19  7.347402E+19  6.465193E-04  5.909784E+02  9.706801E+02  1.233040E+03  1.316376E+03
    5.699740E+00 -3.480061E+00  5.728894E+00 -3.446170E+00  5.714317E+00 -3.463115E+00  2.857075E+17  1.922993E+01  3.734274E+01  1.620117E+01  1.913736E+20  7.952777E+19  6.935459E-04  1.889043E+03  4.357916E+03  1.195986E+03  1.066106E+03
    5.728894E+00 -3.446170E+00  5.780812E+00 -3.393679E+00  5.754853E+00 -3.419924E+00  2.857075E+17  1.922993E+01  3.734274E+01  1.620634E+01  1.411033E+20  6.827784E+19  8.088469E-04  1.341511E+03  3.299557E+03  8.477372E+02  8.978248E+02
    5.780812E+00 -3.393679E+00  5.827027E+00 -3.356429E+00  5.803919E+00 -3.375054E+00  2.380627E+17  1.782335E+01  3.553489E+01  1.451605E+01  2.666247E+20  8.342144E+19  8.895519E-04  2.414969E+03  5.837901E+03  9.514277E+02  6.773492E+02
    5.827027E+00 -3.356429E+00  5.845249E+00 -3.344278E+00  5.836138E+00 -3.350354E+00  1.877441E+17  1.642972E+01  3.341361E+01  1.397050E+01  3.014022E+20  6.585539E+19  6.708963E-04  2.745435E+03  6.024584E+03  1.703998E+03  5.191878E+02
    5.845249E+00 -3.344278E+00  5.872468E+00 -3.326120E+00  5.858858E+00 -3.335199E+00  1.877441E+17  1.642972E+01  3.341361E+01  1.361312E+01  1.771415E+20  6.227019E+19  7.581869E-04  1.362088E+03  3.829108E+03  7.618327E+02  5.000923E+02
    5.872468E+00 -3.326120E+00  5.919939E+00 -3.297648E+00  5.896203E+00 -3.311884E+00  1.516149E+17  1.504535E+01  3.116360E+01  1.760608E+01  1.851078E+20  6.746834E+19  6.467402E-04  1.405322E+03  3.642482E+03  1.452206E+03  4.157168E+02
    5.919939E+00 -3.297648E+00  5.952574E+00 -3.284319E+00  5.936257E+00 -3.290983E+00  1.184640E+17  1.369763E+01  2.901707E+01  1.723297E+01  2.384327E+20  5.475032E+19  5.746878E-04  1.551805E+03  4.494414E+03  2.098490E+03  2.077213E+02
    5.952574E+00 -3.284319E+00  5.986712E+00 -3.270374E+00  5.969643E+00 -3.277346E+00  9.332286E+16  1.231423E+01  2.679251E+01  1.585483E+01  1.972875E+20  4.816143E+19  4.226218E-04  1.486726E+03  3.052676E+03  1.885501E+03  1.951191E+02
    5.986712E+00 -3.270374E+00  6.025378E+00 -3.254579E+00  6.006045E+00 -3.262477E+00  6.628749E+16  1.080560E+01  2.450277E+01  1.616200E+01  1.436360E+20  4.144703E+19  3.541011E-04  7.456805E+02  2.318569E+03  1.751607E+03  1.818313E+02
    6.025378E+00 -3.254579E+00  6.056951E+00 -3.248085E+00  6.041165E+00 -3.251332E+00  4.675367E+16  8.909725E+00  2.211891E+01  1.738485E+01  1.375436E+20  3.652174E+19  2.762276E-04  5.810166E+02  1.993480E+03  1.262702E+03  4.688579E+01
    6.056951E+00 -3.248085E+00  6.069029E+00 -3.245805E+00  6.062990E+00 -3.246945E+00  2.970625E+16  7.165557E+00  1.965740E+01  1.756176E+01  4.750916E+19  2.458553E+19  2.518938E-04  0.000000E+00  9.582179E+02  8.779982E+02  4.324507E+01
    6.069029E+00 -3.245805E+00  6.096990E+00 -3.240525E+00  6.083009E+00 -3.243165E+00  2.970625E+16  7.165557E+00  1.965740E+01  2.812714E+01  4.270308E+19  2.450548E+19  2.367219E-04  1.105870E+02  5.879330E+02  2.148847E+03  4.142992E+01
    6.096990E+00 -3.240525E+00  6.265808E+00 -3.095883E+00  6.181399E+00 -3.168204E+00  4.675367E+16  8.909725E+00  2.211891E+01  1.643515E+01  5.847199E+18  3.238989E+19  2.135072E-04  1.623524E+01  8.058506E+01  1.560465E+03  4.391452E+02
    6.265808E+00 -3.095883E+00  6.265934E+00 -3.072090E+00  6.265871E+00 -3.083986E+00  1.635259E+16  5.524736E+00  1.707722E+01  1.926773E+01  0.000000E+00  6.104572E+19  2.267233E-04  0.000000E+00  0.000000E+00  1.341717E+03  9.294649E+02
    6.265934E+00 -3.072090E+00  6.445985E+00 -2.903739E+00  6.355959E+00 -2.987914E+00  2.970625E+16  7.165557E+00  1.965740E+01  2.398207E+01  0.000000E+00  2.129017E+19  1.389924E-04  0.000000E+00  0.000000E+00  1.401873E+03  3.661146E+02
    6.445985E+00 -2.903739E+00  6.475267E+00 -2.881003E+00  6.460626E+00 -2.892371E+00  2.970625E+16  7.165557E+00  1.965740E+01  2.361064E+01  8.115594E+18  1.387125E+19  1.227577E-04  4.815035E+01  7.908249E+01  1.141806E+03  2.421962E+02
    6.475267E+00 -2.881003E+00  6.660166E+00 -2.737457E+00  6.567717E+00 -2.809230E+00  1.635259E+16  5.524736E+00  1.707722E+01  2.396515E+01  8.696435E+18  9.885360E+18  6.805820E-05  3.410543E+01  8.393254E+01  8.190082E+02  2.117779E+02
    6.660166E+00 -2.737457E+00  6.664308E+00 -2.734244E+00  6.662237E+00 -2.735851E+00  7.958702E+15  4.104699E+00  1.455179E+01  1.338850E+02  4.382327E+18  9.012969E+17  3.042510E-08  4.098142E+01  0.000000E+00  1.053677E+02  1.873979E+02
    6.664308E+00 -2.734244E+00  6.811972E+00 -2.619604E+00  6.738140E+00 -2.676924E+00  7.958702E+15  4.104699E+00  1.455179E+01  2.040070E+01  5.629801E+18  6.041448E+18  8.954141E-05  1.323349E+01  5.301448E+01  5.054780E+02  1.719534E+02
    6.811972E+00 -2.619604E+00  6.891669E+00 -2.557728E+00  6.851821E+00 -2.588666E+00  3.522864E+15  2.861389E+00  1.204184E+01  2.974985E+01  2.532785E+18  4.635619E+18  1.885801E-05  1.556909E-01  2.423935E+01  1.530575E+02  1.509977E+02
    6.891669E+00 -2.557728E+00  6.955173E+00 -2.508429E+00  6.923421E+00 -2.533078E+00  3.522864E+15  2.861389E+00  1.204184E+01  2.402965E+01  3.395436E+18  4.020036E+18  3.220256E-05  1.239655E+01  1.922864E+01  3.244908E+02  1.396370E+02
    6.955173E+00 -2.508429E+00  7.093747E+00 -2.400848E+00  7.024460E+00 -2.454638E+00  1.370509E+15  1.882112E+00  9.684959E+00  3.697116E+01  1.286236E+18  3.383764E+18  1.591841E-05  4.182465E+00  5.136270E+00  3.989871E+02  1.258332E+02
    7.093747E+00 -2.400848E+00  7.126886E+00 -2.375118E+00  7.110316E+00 -2.387983E+00  3.522864E+15  2.861389E+00  1.204184E+01  2.507937E+01  2.166575E+17  2.825803E+18  3.878061E-06  8.590396E-01  0.000000E+00  1.097557E+02  1.153169E+02
    7.126886E+00 -2.375118E+00  7.220071E+00 -2.302775E+00  7.173478E+00 -2.338947E+00  1.370509E+15  1.882112E+00  9.684959E+00  2.758311E+01  2.838402E+17  2.758506E+18  4.145969E-06  2.195850E-01  1.535768E+00  1.943723E+02  1.084740E+02
    7.220071E+00 -2.302775E+00  7.344630E+00 -2.161993E+00  7.282351E+00 -2.232384E+00  1.370509E+15  1.882112E+00  9.684959E+00  1.402035E+01  2.557419E+16  2.716651E+18  2.157541E-05  1.014008E-01  4.270259E-05  7.180952E+01  1.861201E+02
    7.344630E+00 -2.161993E+00  7.379474E+00 -2.110263E+00  7.362052E+00 -2.136128E+00  2.281070E+15  1.883749E+00  9.687230E+00  3.973614E+01  0.000000E+00  4.152130E+18  2.129411E-05  0.000000E+00  0.000000E+00  4.432828E+02  2.292958E+02
    7.379474E+00 -2.110263E+00  7.518367E+00 -1.904063E+00  7.448921E+00 -2.007163E+00  4.338885E+14  1.092122E+00  7.392423E+00  2.064561E+01  0.000000E+00  3.120027E+18  1.009124E-05  0.000000E+00  1.351932E-04  1.537740E+02  2.103402E+02
    7.518367E+00 -1.904063E+00  7.694332E+00 -1.642820E+00  7.606350E+00 -1.773441E+00  4.338885E+14  1.092122E+00  7.392423E+00  4.105925E+01  0.000000E+00  9.418398E+17  1.425879E-06  0.000000E+00  6.784736E-05  6.835172E+01  1.788021E+02
    7.694332E+00 -1.642820E+00  7.826142E+00 -1.447130E+00  7.760237E+00 -1.544975E+00  4.338885E+14  1.092122E+00  7.392423E+00  2.899534E+01  1.194086E+17  1.062852E+18  1.497069E-06  1.376645E-01  8.219935E-01  4.783399E+01  1.543284E+02
    7.826142E+00 -1.447130E+00  7.873541E+00 -1.376761E+00  7.849841E+00 -1.411946E+00  4.338885E+14  1.092122E+00  7.392423E+00  5.573430E+01  1.876194E+16  5.067322E+17  4.856654E-07  4.790942E-02  3.505606E-04  1.256306E+02  1.417750E+02
    7.873541E+00 -1.376761E+00  8.012427E+00 -1.083331E+00  7.942984E+00 -1.230046E+00  1.014445E+14  5.123944E-01  5.127901E+00  3.745673E+01  0.000000E+00  6.140683E+17  6.746300E-07  0.000000E+00  4.589514E-05  3.487151E+01  1.767877E+02
    8.012427E+00 -1.083331E+00  8.145338E+00 -7.826913E-01  8.078883E+00 -9.330113E-01  1.014445E+14  5.123944E-01  5.127901E+00  8.703478E+01  2.836867E+16  4.228709E+17  7.752793E-07  7.244059E-02  2.482799E-03  4.577444E+01  1.602219E+02
    8.145338E+00 -7.826913E-01  8.173673E+00 -7.186085E-01  8.159506E+00 -7.506499E-01  1.014445E+14  5.123944E-01  5.127901E+00  1.008742E+01  8.433726E+16  4.010807E+17  1.174405E-06  2.153588E-01  1.146460E-02  5.739189E+00  1.470795E+02
    8.173673E+00 -7.186085E-01  8.270470E+00 -4.996623E-01  8.222071E+00 -6.091354E-01  1.014445E+14  5.123944E-01  5.127901E+00  4.433871E+01  4.124139E+15  2.864884E+17  4.248134E-07  5.956080E-03  1.440571E-02  2.807196E+01  1.389716E+02
    8.270470E+00 -4.996623E-01  8.281512E+00 -4.746957E-01  8.275991E+00 -4.871790E-01  1.014445E+14  5.123944E-01  5.127901E+00  2.727347E+00  3.421331E+15  5.817603E+17  1.476458E-07  4.941086E-03  0.000000E+00  3.282115E+00  1.315390E+02
    8.281512E+00 -4.746957E-01  8.316834E+00 -2.865078E-01  8.299173E+00 -3.806017E-01  1.739155E+14  5.126315E-01  5.128229E+00  4.526163E+01  0.000000E+00  3.291633E+17  3.438801E-06  0.000000E+00  0.000000E+00  7.274515E+00  1.849353E+02
    8.316834E+00 -2.865078E-01  8.329062E+00 -1.400479E-01  8.322948E+00 -2.132779E-01  1.739155E+14  5.126315E-01  5.128229E+00  1.140958E+01  0.000000E+00  4.609075E+17  3.920210E-06  0.000000E+00  0.000000E+00  3.591993E+00  1.976497E+02
    8.329062E+00 -1.400479E-01  8.355678E+00  1.788392E-01  8.342370E+00  1.939561E-02  1.340793E+13  1.863893E-01  3.130617E+00  7.829773E+01  0.000000E+00  8.489772E+16  1.927704E-07  0.000000E+00  0.000000E+00  1.570834E+01  1.864634E+02
    8.355678E+00  1.788392E-01  8.357291E+00  1.981618E-01  8.356485E+00  1.885005E-01  1.651224E+14  5.127671E-01  5.128553E+00  1.513302E+01  0.000000E+00  8.929241E+16  4.790128E-07  0.000000E+00  1.300593E-03  3.539187E+00  1.777416E+02
    8.357291E+00  1.981618E-01  8.358335E+00  2.106641E-01  8.357813E+00  2.044130E-01  1.710892E+14  5.128623E-01  5.128840E+00  1.173713E+01  2.334292E+15  5.283280E+16  4.753022E-07  3.371184E-03  1.975032E-03  3.593362E+00  1.769464E+02
    8.358335E+00  2.106641E-01  8.385658E+00  5.379641E-01  8.371997E+00  3.743141E-01  1.340793E+13  1.863893E-01  3.130617E+00  2.938022E+01  1.901844E+15  1.552957E+17  5.841933E-07  2.746644E-03  6.895818E-03  4.395741E+00  1.706737E+02
    8.385658E+00  5.379641E-01  8.364687E+00  8.814741E-01  8.375173E+00  7.097191E-01  1.340793E+13  1.863893E-01  3.130617E+00  4.922773E+01  3.782025E+13  1.122162E+17  5.852110E-07  5.462001E-05  0.000000E+00  9.284152E+00  1.856368E+02
    8.364687E+00  8.814741E-01  8.326122E+00  1.207551E+00  8.345405E+00  1.044512E+00  2.269975E+13  1.864471E-01  3.130696E+00  1.343748E+01  1.064779E+15  1.774793E+17  1.388262E-06  1.537754E-03  2.297200E-04  9.094386E+00  1.845341E+02
    8.326122E+00  1.207551E+00  8.324259E+00  1.223325E+00  8.325190E+00  1.215438E+00  9.316486E+11  5.105081E-02  1.631765E+00  2.473196E+01  1.009303E+14  2.251653E+17  1.038504E-06  7.159716E-05  0.000000E+00  1.446740E+01  1.779587E+02
    8.324259E+00  1.223325E+00  8.287605E+00  1.533220E+00  8.305932E+00  1.378272E+00  9.316486E+11  5.105081E-02  1.631765E+00  1.681493E+01  3.672991E+14  3.428564E+17  1.388452E-06  2.605519E-04  0.000000E+00  1.501593E+01  1.735239E+02
    8.287605E+00  1.533220E+00  8.283108E+00  1.571227E+00  8.285357E+00  1.552224E+00  9.316486E+11  5.105081E-02  1.631765E+00  1.770065E+01  2.900646E+14  3.741089E+17  2.031728E-06  2.057639E-04  0.000000E+00  1.800850E+01  1.691528E+02
    8.283108E+00  1.571227E+00  8.182874E+00  1.870989E+00  8.232991E+00  1.721108E+00  1.461233E+12  5.105538E-02  1.631772E+00  2.158795E+01  3.477275E+13  5.746321E+17  2.302650E-06  2.479335E-05  0.000000E+00  3.913857E+01  1.979964E+02
    8.182874E+00  1.870989E+00  8.168764E+00  1.901272E+00  8.175819E+00  1.886131E+00  1.461233E+12  5.105538E-02  1.631772E+00  1.168183E+01  3.846844E+14  3.939474E+17  3.502995E-06  2.742842E-04  0.000000E+00  2.284831E+01  2.103853E+02
    8.168764E+00  1.901272E+00  8.021192E+00  2.217924E+00  8.094978E+00  2.059598E+00  1.472155E+12  5.105521E-02  1.631771E+00  1.508689E+01  1.494840E+14  6.864212E+17  4.324103E-06  1.065837E-04  0.000000E+00  3.027965E+01  2.033056E+02
    8.021192E+00  2.217924E+00  7.861524E+00  2.527966E+00  7.941358E+00  2.372945E+00  9.291087E+11  5.104939E-02  1.631764E+00  1.554252E+01  4.275271E+13  1.102802E+18  8.331975E-06  3.048314E-05  0.000000E+00  5.903093E+01  1.920578E+02
    7.861524E+00  2.527966E+00  7.766342E+00  2.662789E+00  7.813933E+00  2.595378E+00  9.291087E+11  5.104939E-02  1.631764E+00  1.623837E+01  2.125560E+14  1.100275E+18  1.227576E-05  1.515547E-04  0.000000E+00  5.999524E+01  2.062472E+02
    7.766342E+00  2.662789E+00  7.659902E+00  2.813565E+00  7.713122E+00  2.738177E+00  2.303859E+13  1.864286E-01  3.130714E+00  1.723642E+01  4.643275E+15  1.463027E+18  1.667982E-05  6.782034E-03  0.000000E+00  8.192154E+01  2.065687E+02
    7.659902E+00  2.813565E+00  7.459332E+00  3.097665E+00  7.559617E+00  2.955615E+00  1.398137E+13  1.863482E-01  3.130628E+00  1.641649E+01  2.190655E+14  2.355884E+18  2.178495E-05  3.199703E-04  0.000000E+00  1.292146E+02  2.076828E+02
    7.459332E+00  3.097665E+00  7.259642E+00  3.304220E+00  7.359487E+00  3.200943E+00  1.398137E+13  1.863482E-01  3.130628E+00  1.659939E+01  4.414389E+15  3.478786E+18  3.306621E-05  6.447721E-03  0.000000E+00  2.164286E+02  1.602668E+02
    7.259642E+00  3.304220E+00  7.213774E+00  3.344521E+00  7.236708E+00  3.324370E+00  9.407924E+13  5.122872E-01  5.127976E+00  1.473485E+01  7.059081E+16  4.566787E+18  4.520852E-05  1.807537E-01  0.000000E+00  2.053715E+02  1.546484E+02
    7.213774E+00  3.344521E+00  6.973557E+00  3.555568E+00  7.093666E+00  3.450044E+00  9.407924E+13  5.122872E-01  5.127976E+00  1.338843E+01  3.673533E+16  6.936426E+18  5.890489E-05  9.406388E-02  0.000000E+00  2.917096E+02  1.500269E+02
    6.973557E+00  3.555568E+00  6.954025E+00  3.572731E+00  6.963791E+00  3.564150E+00  6.898743E+14  1.093346E+00  7.394616E+00  1.107458E+01  1.714009E+17  9.082541E+18  9.170897E-05  6.829984E-01  0.000000E+00  3.399535E+02  1.480295E+02
    6.954025E+00  3.572731E+00  6.697460E+00  3.798135E+00  6.825742E+00  3.685433E+00  6.582001E+14  1.092791E+00  7.393282E+00  1.061575E+01  4.703791E+16  1.152876E+19  2.421468E-04  1.874366E-01  0.000000E+00  3.922470E+02  1.469145E+02
    6.697460E+00  3.798135E+00  6.435059E+00  4.014993E+00  6.566259E+00  3.906564E+00  6.915054E+14  1.092033E+00  7.391653E+00  1.103787E+01  1.330148E+16  1.143960E+19  1.201518E-04  5.300373E-02  3.964998E-04  4.070095E+02  1.485007E+02
    6.435059E+00  4.014993E+00  6.164979E+00  4.220787E+00  6.300019E+00  4.117890E+00  3.995361E+14  1.090809E+00  7.390051E+00  1.038939E+01  3.005702E+16  1.163811E+19  2.720972E-04  1.197712E-01  4.832676E-04  3.995944E+02  1.579580E+02
    6.164979E+00  4.220787E+00  5.894761E+00  4.426679E+00  6.029870E+00  4.323733E+00  3.995361E+14  1.090809E+00  7.390051E+00  1.142020E+01  3.157375E+16  9.990706E+18  1.020864E-04  1.258151E-01  1.697921E-04  2.894723E+02  1.650181E+02
    5.894761E+00  4.426679E+00  5.738764E+00  4.537703E+00  5.816762E+00  4.482191E+00  3.995361E+14  1.090809E+00  7.390051E+00  1.068556E+01  1.189439E+17  7.628073E+18  7.915019E-05  1.102372E-01  6.049500E-01  1.873204E+02  1.856437E+02
    5.738764E+00  4.537703E+00  5.568720E+00  4.576204E+00  5.653742E+00  4.556953E+00  1.248197E+15  1.877859E+00  9.671849E+00  1.052005E+01  1.169707E+18  7.472298E+18  6.837234E-05  2.990470E+00  6.193256E+00  1.656834E+02  2.570085E+02
    5.568720E+00  4.576204E+00  5.566796E+00  4.576642E+00  5.567758E+00  4.576423E+00  3.288985E+15  2.852970E+00  1.200892E+01  1.449444E+01  2.944215E+18  4.802944E+18  7.966362E-05  0.000000E+00  6.748086E+01  1.023237E+02  2.971221E+02
    5.566796E+00  4.576642E+00  5.449428E+00  4.603209E+00  5.508112E+00  4.589925E+00  3.288985E+15  2.852970E+00  1.200892E+01  1.047673E+01  4.092718E+18  8.413661E+18  7.698856E-05  1.377749E+01  2.461885E+01  3.600709E+02  2.986085E+02
    5.449428E+00  4.603209E+00  5.321084E+00  4.632271E+00  5.385256E+00  4.617740E+00  7.447998E+15  4.082106E+00  1.445056E+01  9.249526E+00  7.443834E+18  7.609886E+18  7.741813E-05  2.153399E+01  6.620924E+01  1.080773E+02  3.010374E+02
    5.321084E+00  4.632271E+00  5.224771E+00  4.654075E+00  5.272928E+00  4.643173E+00  1.433468E+16  5.486280E+00  1.690410E+01  1.269593E+01  1.154606E+19  6.874536E+18  8.908722E-05  3.939440E+01  1.181946E+02  1.474354E+02  3.035658E+02
    5.224771E+00  4.654075E+00  5.175923E+00  4.665134E+00  5.200347E+00  4.659605E+00  1.433468E+16  5.486280E+00  1.690410E+01  1.050846E+01  1.192628E+19  7.025906E+18  8.685528E-05  4.756433E+01  1.140947E+02  1.550921E+02  3.055067E+02
    5.175923E+00  4.665134E+00  5.008706E+00  4.702994E+00  5.092314E+00  4.684064E+00  2.367213E+16  7.108137E+00  1.931623E+01  1.084724E+01  1.597203E+19  6.926939E+18  1.002043E-04  9.659230E+01  1.552437E+02  1.116577E+02  3.269534E+02
    5.008706E+00  4.702994E+00  4.758031E+00  4.608518E+00  4.883368E+00  4.655756E+00  2.885384E+16  8.767895E+00  2.119576E+01  1.032550E+01  1.262946E+19  7.578522E+18  9.952037E-05  5.563578E+01  1.776177E+02  9.411577E+01  3.421542E+02
    4.758031E+00  4.608518E+00  4.738129E+00  4.596052E+00  4.748080E+00  4.602285E+00  2.885384E+16  8.767895E+00  2.119576E+01  9.945263E+00  2.417938E+19  6.902429E+18  9.692586E-05  4.970853E+01  4.013433E+02  3.169856E+01  3.272703E+02
    4.738129E+00  4.596052E+00  4.713259E+00  4.580477E+00  4.725694E+00  4.588264E+00  1.087042E+17  1.103615E+01  2.189561E+01  9.933145E+00  2.077344E+19  8.926121E+18  1.245361E-04  0.000000E+00  4.238552E+02 -1.133730E+01  3.297190E+02
    4.713259E+00  4.580477E+00  4.682064E+00  4.560943E+00  4.697661E+00  4.570710E+00  1.198129E+17  1.101688E+01  2.102356E+01  8.029919E+00  6.064147E+18  8.553418E+18  9.707680E-05  4.922996E+01  4.142467E+01  1.299891E+02  3.330318E+02
    4.682064E+00  4.560943E+00  4.640649E+00  4.535008E+00  4.661356E+00  4.547976E+00  1.375313E+16  7.542187E+00  1.747948E+01  6.835563E+00  7.319937E+18  8.916061E+18  7.438850E-05  1.870243E+01  9.790957E+01  7.226329E+01  3.369823E+02
    4.640649E+00  4.535008E+00  4.459322E+00  4.421453E+00  4.549986E+00  4.478231E+00  1.375313E+16  7.542187E+00  1.747948E+01  7.746929E+00  5.090038E+18  6.060575E+18  5.328379E-05  1.812986E+01  6.195297E+01  1.374630E+02  3.476974E+02
    4.459322E+00  4.421453E+00  4.376591E+00  4.369649E+00  4.417956E+00  4.395551E+00  8.698622E+15  5.471467E+00  1.529151E+01  8.550749E+00  7.557234E+18  6.017131E+18  5.470520E-05  3.105023E+01  7.144568E+01  6.419335E+01  3.608903E+02
    4.376591E+00  4.369649E+00  4.308461E+00  4.276176E+00  4.342526E+00  4.322912E+00  5.005339E+15  3.860861E+00  1.300230E+01  7.989620E+00  3.646398E+18  5.501028E+18  5.717241E-05  1.622370E+01  2.162161E+01  1.167316E+02  2.815208E+02
    4.308461E+00  4.276176E+00  4.288866E+00  4.202243E+00  4.298664E+00  4.239210E+00  2.452309E+15  2.635959E+00  1.078584E+01  6.884093E+00  1.138271E+18  6.568513E+18  4.153324E-05  6.173460E+00  3.192837E+00  6.933826E+01  1.627762E+02
    4.288866E+00  4.202243E+00  4.261502E+00  4.099008E+00  4.275184E+00  4.150626E+00  2.452309E+15  2.635959E+00  1.078584E+01  8.101452E+00  1.256940E+18  5.456784E+18  3.777575E-05  6.024689E+00  3.744180E+00  1.414673E+02  1.669304E+02
    4.261502E+00  4.099008E+00  4.220075E+00  3.942718E+00  4.240788E+00  4.020863E+00  1.043389E+15  1.707676E+00  8.783662E+00  1.111391E+01  6.686140E+17  5.852825E+18  3.112329E-05  2.532952E+00  1.340301E+00  8.967230E+01  1.731253E+02
    4.220075E+00  3.942718E+00  4.213855E+00  3.919246E+00  4.216965E+00  3.930982E+00  1.039498E+14  5.530436E-01  5.352855E+00  5.172284E+00  3.644332E+16  7.065490E+18  2.584378E-05  9.821762E-02  0.000000E+00  6.783243E+01  1.774865E+02
    4.213855E+00  3.919246E+00  4.155177E+00  3.697875E+00  4.184516E+00  3.808561E+00  1.039498E+14  5.530436E-01  5.352855E+00  1.300523E+01  2.363197E+16  4.176763E+18  2.546904E-05  6.369001E-02  0.000000E+00  2.005734E+02  1.835874E+02
    4.155177E+00  3.697875E+00  4.124984E+00  3.568683E+00  4.140080E+00  3.633279E+00  1.039498E+14  5.530436E-01  5.352855E+00  1.495043E+01  2.366475E+16  2.324114E+18  4.464701E-05  6.377836E-02  0.000000E+00  7.223849E+01  1.790037E+02
    4.124984E+00  3.568683E+00  4.118369E+00  3.233467E+00  4.121677E+00  3.401075E+00  1.700991E+14  5.537257E-01  5.353994E+00  8.882213E+00  2.061081E+15  3.133069E+18  2.559464E-05  5.554776E-03  0.000000E+00  4.621147E+01  9.446714E+01
    4.118369E+00  3.233467E+00  4.111698E+00  2.895663E+00  4.115034E+00  3.064565E+00  1.490728E+14  5.539186E-01  5.354573E+00  7.553945E+00  1.169220E+15  2.048589E+18  1.509334E-05  3.007176E-03  0.000000E+00  4.043477E+01  1.016790E+02
    4.111698E+00  2.895663E+00  4.105309E+00  2.553507E+00  4.108504E+00  2.724585E+00  1.535042E+14  5.539592E-01  5.354597E+00  2.039170E+01  2.716464E+15  1.186433E+18  1.312574E-05  6.986612E-03  0.000000E+00  1.267760E+02  1.093133E+02
    4.105309E+00  2.553507E+00  4.105310E+00  2.380921E+00  4.105309E+00  2.467214E+00  9.269044E+13  5.537615E-01  5.354272E+00  3.658556E+01  4.683322E+15  4.208966E+17  2.184361E-06  1.204527E-02  0.000000E+00  1.714774E+01  1.064764E+02
    4.105310E+00  2.380921E+00  4.105312E+00  2.207493E+00  4.105311E+00  2.294207E+00  9.269044E+13  5.537615E-01  5.354272E+00  1.127977E+01  7.055666E+15  4.805572E+17  1.570794E-06  1.814683E-02  0.000000E+00  1.355826E+01  1.112506E+02
    4.105312E+00  2.207493E+00  4.105310E+00  1.859763E+00  4.105311E+00  2.033628E+00  9.269044E+13  5.537615E-01  5.354272E+00  2.079615E+01  6.564074E+15  4.043772E+17  1.438796E-06  1.688248E-02  0.000000E+00  3.238619E+01  1.195460E+02
    4.105310E+00  1.859763E+00  4.105312E+00  1.858611E+00  4.105311E+00  1.859187E+00  1.696581E+15  1.718275E+00  8.798527E+00  1.297835E+02  9.658858E+15  1.302570E+17  1.663837E-06  2.484211E-02  0.000000E+00  1.156609E+01  1.244225E+02
    4.105312E+00  1.858611E+00  4.105311E+00  1.507936E+00  4.105312E+00  1.683274E+00  1.746809E+15  1.718875E+00  8.800392E+00  2.203368E+01  6.551666E+15  4.460031E+17  3.527279E-06  1.685057E-02  0.000000E+00  1.773226E+01  1.323860E+02
    4.105311E+00  1.507936E+00  4.105310E+00  1.156244E+00  4.105310E+00  1.332090E+00  1.804177E+15  1.719279E+00  8.802142E+00  2.052249E+01  3.110585E+15  5.398817E+17  4.320127E-06  0.000000E+00  2.652756E-01  1.259816E+01  1.478767E+02
    4.105310E+00  1.156244E+00  4.105307E+00  8.040614E-01  4.105309E+00  9.801529E-01  1.849805E+15  1.719522E+00  8.803735E+00  1.512541E+02  5.277976E+15  1.814167E+17  2.106143E-07  1.669308E-02  0.000000E+00  1.630942E+01  1.667362E+02
    4.105307E+00  8.040614E-01  4.105307E+00  4.526841E-01  4.105307E+00  6.283727E-01  1.880675E+15  1.719626E+00  8.805091E+00  6.102294E+00  2.205669E+16  2.881022E+17  2.319847E-07  6.976048E-02  0.000000E+00  3.570160E+00  1.904931E+02
    4.105307E+00  4.526841E-01  4.105310E+00  4.357911E-01  4.105308E+00  4.442376E-01  1.906072E+15  1.719618E+00  8.806098E+00  1.575686E+01  3.866510E+16  2.500309E+16  2.276992E-07  1.222893E-01  0.000000E+00  2.397217E+00  2.037978E+02
    4.105310E+00  4.357911E-01  4.105313E+00  1.030528E-01  4.105311E+00  2.694220E-01  1.973047E+14  7.682556E-01  6.316752E+00  2.257740E+01  3.070199E+16  8.960067E+17  7.861774E-07  9.710368E-02  0.000000E+00  3.788251E+01  2.189896E+02
    4.105313E+00  1.030528E-01  4.105310E+00  9.453319E-02  4.105312E+00  9.879299E-02  1.973047E+14  7.682556E-01  6.316752E+00  5.653045E+01  4.212095E+16  3.562855E+18  7.595713E-08  1.332194E-01  0.000000E+00  2.871800E+02  2.349316E+02
    4.105310E+00  9.453319E-02  4.105310E+00 -2.418208E-01  4.105310E+00 -7.364378E-02  2.946656E+13  2.981714E-01  4.291722E+00  3.397065E+01  9.640350E+15  9.058532E+17  1.012157E-05  0.000000E+00  2.136063E-01  1.351566E+02  2.524149E+02
    4.105310E+00 -2.418208E-01  4.105307E+00 -2.439122E-01  4.105308E+00 -2.428665E-01  2.719481E+12  9.932885E-02  2.883365E+00  1.077869E+01  7.073616E+14  7.179816E+18  0.000000E+00  8.965007E-04  0.000000E+00  1.170424E+01  2.730388E+02
    4.105307E+00 -2.439122E-01  4.105308E+00 -5.862175E-01  4.105308E+00 -4.150649E-01  2.719481E+12  9.932885E-02  2.883365E+00  2.124368E+01  8.010058E+14  2.660348E+18  1.152420E-05  1.015184E-03  0.000000E+00  8.691209E+01  2.950055E+02
    4.105308E+00 -5.862175E-01  4.105310E+00 -6.281626E-01  4.105309E+00 -6.071900E-01  2.719481E+12  9.932885E-02  2.883365E+00  2.214617E+01  8.365496E+14  2.867253E+18  9.894788E-06  1.060232E-03  0.000000E+00  6.647816E+01  3.231401E+02
    4.105310E+00 -6.281626E-01  4.105309E+00 -9.218313E-01  4.105310E+00 -7.749969E-01  1.424326E+11  3.000000E-02  2.125071E+00  2.721371E+01  2.451323E+13  3.252072E+18  3.918718E-05  2.204963E-05  0.000000E+00  1.309964E+02  3.512862E+02
    4.105309E+00 -9.218313E-01  4.105310E+00 -1.190393E+00  4.105310E+00 -1.056112E+00  1.424326E+11  3.000000E-02  2.125071E+00  2.807107E+01  2.106118E+13  4.483099E+18  1.434739E-05  1.894452E-05  0.000000E+00  2.596505E+02  4.055154E+02
    4.105310E+00 -1.190393E+00  4.105313E+00 -1.247635E+00  4.105311E+00 -1.219014E+00  1.424326E+11  3.000000E-02  2.125071E+00  3.933033E+01  1.440602E+13  5.234348E+18  3.211261E-06  1.295820E-05  0.000000E+00  2.710159E+02  4.423277E+02
    4.105313E+00 -1.247635E+00  4.105308E+00 -1.560585E+00  4.105310E+00 -1.404110E+00  2.122492E+11  3.000000E-02  2.125075E+00  2.855360E+01  1.033817E+13  5.031091E+18  4.816275E-05  9.299176E-06  0.000000E+00  3.134961E+02  4.931215E+02
    4.105308E+00 -1.560585E+00  4.105310E+00 -1.857341E+00  4.105309E+00 -1.708963E+00  1.964376E+11  3.000000E-02  2.125079E+00  4.421775E+01  3.643352E+12  8.319409E+18  8.324414E-05  3.277193E-06  0.000000E+00  7.580050E+02  5.879806E+02
    4.105310E+00 -1.857341E+00  4.105308E+00 -2.132442E+00  4.105309E+00 -1.994891E+00  1.868438E+11  3.000000E-02  2.125081E+00  2.725701E+01  3.148031E+12  1.124017E+19  3.376618E-05  2.911488E-06  0.000000E+00  8.138119E+02  6.996930E+02
    4.105308E+00 -2.132442E+00  4.105311E+00 -2.379888E+00  4.105310E+00 -2.256165E+00  2.049121E+11  3.000000E-02  2.125082E+00  2.929792E+01  9.532516E+12  1.395152E+19  5.061064E-05  8.816241E-06  0.000000E+00  8.480844E+02  8.027262E+02
    4.105311E+00 -2.379888E+00  4.105310E+00 -2.434230E+00  4.105311E+00 -2.407059E+00  1.146545E+11  3.000000E-02  2.125080E+00  1.159628E+01  1.699074E+13  1.201457E+19  1.569900E-05  1.571406E-05  0.000000E+00  5.038677E+02  6.104838E+01
    4.105310E+00 -2.434230E+00  4.181342E+00 -2.567118E+00  4.143326E+00 -2.500674E+00  1.146545E+11  3.000000E-02  2.125080E+00  3.567465E+01  6.774634E+13  1.057123E+19  3.096025E-05  6.265587E-05  0.000000E+00  5.080066E+02  3.534207E+01
    4.181342E+00 -2.567118E+00  4.257762E+00 -2.601566E+00  4.219552E+00 -2.584342E+00  2.330679E+12  9.920491E-02  2.883491E+00  4.203612E+01  3.191197E+15  7.622339E+18  5.337704E-05  4.163339E-03  0.000000E+00  6.198713E+02  1.275721E+01
    4.257762E+00 -2.601566E+00  4.310019E+00 -2.631936E+00  4.283890E+00 -2.616751E+00  2.814316E+13  2.978875E-01  4.292194E+00  3.745417E+01  4.367079E+16  8.742380E+18  2.812425E-05  9.003599E-02  0.000000E+00  4.639457E+02  1.764198E+01
    4.310019E+00 -2.631936E+00  4.318658E+00 -2.639356E+00  4.314339E+00 -2.635646E+00  2.814316E+13  2.978875E-01  4.292194E+00  2.227864E+01  4.167575E+16  1.064787E+19  5.680698E-06  8.592281E-02  0.000000E+00  1.155224E+03  2.755108E+01
    4.318658E+00 -2.639356E+00  4.364441E+00 -2.678657E+00  4.341550E+00 -2.659007E+00  2.179780E+14  7.669292E-01  6.317829E+00  6.320224E+01  3.840785E+17  1.268643E+19  1.822175E-05  1.265775E+00  0.000000E+00  9.366911E+02  2.911745E+01
    4.364441E+00 -2.678657E+00  4.402040E+00 -2.718504E+00  4.383241E+00 -2.698580E+00  1.077342E+15  1.709772E+00  8.793867E+00  3.282575E+01  2.034239E+18  1.825255E+19  3.559067E-05  6.475884E+00  6.241717E+00  1.188321E+03  3.954139E+01
    4.402040E+00 -2.718504E+00  4.432777E+00 -2.758091E+00  4.417409E+00 -2.738297E+00  3.106686E+15  2.639814E+00  1.082156E+01  4.447199E+01  5.686541E+18  1.860465E+19  4.078034E-05  4.519560E+00  4.704914E+01  1.336388E+03  5.535331E+01
    4.432777E+00 -2.758091E+00  4.459387E+00 -2.800613E+00  4.446082E+00 -2.779352E+00  8.071213E+15  3.828607E+00  1.302008E+01  3.356129E+01  1.376932E+19  2.361330E+19  8.091546E-05  7.551818E+00  1.497333E+02  1.325324E+03  1.704992E+02
    4.459387E+00 -2.800613E+00  4.476576E+00 -2.835557E+00  4.467982E+00 -2.818085E+00  1.832511E+16  5.379162E+00  1.534827E+01  2.339491E+01  2.802373E+19  3.346850E+19  9.649112E-05  1.490633E+02  2.089671E+02  1.144236E+03  3.610215E+02
    4.476576E+00 -2.835557E+00  4.481957E+00 -2.846491E+00  4.479267E+00 -2.841024E+00  1.832511E+16  5.379162E+00  1.534827E+01  2.596070E+01  3.257598E+19  2.491931E+19  6.451520E-05  7.431290E+01  3.569884E+02  2.298334E+03  3.709259E+02
    4.481957E+00 -2.846491E+00  4.499753E+00 -2.892560E+00  4.490855E+00 -2.869525E+00  3.635852E+16  7.572864E+00  1.789824E+01  2.551487E+01  6.033288E+19  4.120225E+19  1.553360E-04  2.178218E+02  7.432836E+02  2.014826E+03  5.421665E+02
    4.499753E+00 -2.892560E+00  4.514835E+00 -2.950639E+00  4.507294E+00 -2.921600E+00  6.159605E+16  1.037160E+01  2.019118E+01  2.071723E+01  8.353700E+19  3.359564E+19  2.096200E-04  5.173743E+02  1.071795E+03  1.171427E+03  7.521429E+02
    4.514835E+00 -2.950639E+00  4.520931E+00 -2.980500E+00  4.517883E+00 -2.965569E+00  9.180923E+16  1.175804E+01  2.175395E+01  1.717098E+01  1.079177E+20  4.140345E+19  2.564578E-04  6.007815E+02  1.644952E+03  4.097226E+02  7.892075E+02
    4.520931E+00 -2.980500E+00  4.522793E+00 -3.015692E+00  4.521862E+00 -2.998096E+00  9.180923E+16  1.175804E+01  2.175395E+01  1.850937E+01  9.076366E+19  7.284994E+19  2.704622E-04  6.336274E+02  1.259499E+03  1.535826E+03  8.995542E+02
    4.522793E+00 -3.015692E+00  4.525819E+00 -3.072970E+00  4.524306E+00 -3.044331E+00  1.254507E+17  1.293122E+01  2.299514E+01  2.161929E+01  1.207929E+20  6.844738E+19  2.294968E-04  9.173303E+02  1.755165E+03  1.594570E+03  8.396086E+02
    4.525819E+00 -3.072970E+00  4.524399E+00 -3.087235E+00  4.525109E+00 -3.080103E+00  1.254507E+17  1.293122E+01  2.299514E+01  2.229235E+01  8.645262E+19  8.247043E+19  9.434447E-04  5.647011E+02  1.393429E+03  1.868647E+03  1.001774E+03
    4.524399E+00 -3.087235E+00  4.518548E+00 -3.125857E+00  4.521474E+00 -3.106546E+00  1.598584E+17  1.406505E+01  2.403564E+01  1.827277E+01  8.481317E+19  7.649224E+19  3.696154E-04  5.527447E+02  1.454246E+03  1.182183E+03  1.037969E+03
    4.518548E+00 -3.125857E+00  4.514319E+00 -3.153778E+00  4.516434E+00 -3.139818E+00  1.598584E+17  1.406505E+01  2.403564E+01  1.434575E+01  1.055362E+20  8.497285E+19  4.796423E-04  4.241397E+02  2.101394E+03  8.391629E+02  1.025251E+03
    4.514319E+00 -3.153778E+00  4.512532E+00 -3.165575E+00  4.513426E+00 -3.159677E+00  1.598584E+17  1.406505E+01  2.403564E+01  1.726941E+01  1.237625E+20  6.798036E+19  9.050459E-04  9.232056E+02  1.969009E+03  4.940913E+02  1.025089E+03
    4.512532E+00 -3.165575E+00  4.511402E+00 -3.173050E+00  4.511967E+00 -3.169312E+00  3.006626E+17  1.518246E+01  2.494375E+01  1.705814E+01  1.383775E+20  1.077516E+20  3.406775E-04  9.158347E+02  2.359814E+03  6.675790E+02  1.026744E+03
    4.511402E+00 -3.173050E+00  4.510235E+00 -3.180082E+00  4.510819E+00 -3.176566E+00  2.981020E+17  1.517995E+01  2.493929E+01  1.713167E+01  1.537201E+20  9.017620E+19  9.339374E-04  1.477535E+03  2.084455E+03  1.673146E+03  1.047691E+03
    4.510235E+00 -3.180082E+00  4.509131E+00 -3.183088E+00  4.509683E+00 -3.181585E+00  2.936213E+17  1.517723E+01  2.493504E+01  2.639536E+01  6.835428E+19  1.146090E+20  1.037638E-03  0.000000E+00  1.823482E+03  4.317163E+03  1.315866E+03
    4.509131E+00 -3.183088E+00  4.507774E+00 -3.186788E+00  4.508453E+00 -3.184938E+00  2.936213E+17  1.517723E+01  2.493504E+01  1.517144E+01  8.264694E+19  1.120103E+20  8.016043E-04  7.206555E+02  1.339100E+03  3.133708E+02  1.309835E+03
    4.507774E+00 -3.186788E+00  4.505389E+00 -3.193290E+00  4.506581E+00 -3.190039E+00  2.900370E+17  1.517419E+01  2.493106E+01  1.472274E+01  8.198472E+19  8.395831E+19  7.516376E-04  5.680350E+02  1.477106E+03  4.668051E+02  1.315928E+03
    4.505389E+00 -3.193290E+00  4.502189E+00 -3.202022E+00  4.503789E+00 -3.197656E+00  2.914151E+17  1.517048E+01  2.492648E+01  1.410882E+01  8.219859E+19  1.420046E+20  9.082092E-04  4.051859E+02  1.667584E+03  1.018400E+03  1.310964E+03
    4.502189E+00 -3.202022E+00  4.498716E+00 -3.211488E+00  4.500453E+00 -3.206755E+00  2.917183E+17  1.516554E+01  2.492020E+01  1.371945E+01  1.041912E+20  1.172814E+20  8.065346E-04  5.286326E+02  2.091333E+03  4.149281E+02  1.327391E+03
    4.498716E+00 -3.211488E+00  4.495752E+00 -3.219568E+00  4.497234E+00 -3.215528E+00  2.895786E+17  1.516013E+01  2.491386E+01  1.582614E+01  1.131938E+20  1.469214E+20  8.703496E-04  6.753245E+02  2.167592E+03  2.181175E+03  1.341188E+03
    4.495752E+00 -3.219568E+00  4.492140E+00 -3.229423E+00  4.493946E+00 -3.224496E+00  2.817341E+17  1.515417E+01  2.490761E+01  1.397352E+01  1.163046E+20  1.422371E+20  9.689856E-04  8.102459E+02  2.079525E+03  4.976058E+02  1.345572E+03
    4.492140E+00 -3.229423E+00  4.489271E+00 -3.237244E+00  4.490705E+00 -3.233334E+00  2.030783E+17  1.514756E+01  2.490327E+01  1.332691E+01  1.183540E+20  1.128548E+20  7.831928E-04  9.255557E+02  2.055533E+03  2.750292E+02  1.355271E+03
    4.489271E+00 -3.237244E+00  4.486548E+00 -3.244683E+00  4.487909E+00 -3.240964E+00  2.030783E+17  1.514756E+01  2.490327E+01  1.268895E+01  1.222560E+20  1.390882E+20  8.702869E-04  4.517036E+02  2.667487E+03  5.304188E+02  1.356384E+03
    4.486548E+00 -3.244683E+00  4.483957E+00 -3.251750E+00  4.485253E+00 -3.248217E+00  2.030783E+17  1.514756E+01  2.490327E+01  1.166836E+01  1.224086E+20  1.290143E+20  8.294465E-04  5.599461E+02  2.537920E+03  5.998228E+02  1.374913E+03
    4.483957E+00 -3.251750E+00  4.481263E+00 -3.259092E+00  4.482610E+00 -3.255421E+00  4.187237E+17  1.618772E+01  2.519065E+01  1.312274E+01  1.268347E+20  1.474253E+20  7.530675E-04  6.868998E+02  2.467551E+03  7.582298E+02  1.389912E+03
    4.481263E+00 -3.259092E+00  4.478311E+00 -3.267147E+00  4.479787E+00 -3.263119E+00  4.100003E+17  1.618108E+01  2.517481E+01  1.331370E+01  1.450211E+20  2.053897E+20  1.235977E-03  7.442624E+02  2.954410E+03  1.280852E+03  1.405061E+03
    4.478311E+00 -3.267147E+00  4.475350E+00 -3.275219E+00  4.476830E+00 -3.271183E+00  3.945391E+17  1.617411E+01  2.516057E+01  1.424310E+01  1.501734E+20  1.849502E+20  1.516135E-03  1.684453E+03  1.967551E+03  1.655163E+03  1.417237E+03
    4.475350E+00 -3.275219E+00  4.472963E+00 -3.280675E+00  4.474156E+00 -3.277947E+00  3.827035E+17  1.616752E+01  2.514930E+01  1.518137E+01  1.197328E+20  1.400230E+20  1.835355E-03  2.528489E+02  2.777195E+03  7.022870E+02  1.550194E+03
    4.472963E+00 -3.280675E+00  4.472299E+00 -3.282028E+00  4.472631E+00 -3.281352E+00  3.827035E+17  1.616752E+01  2.514930E+01  1.295272E+01  1.190911E+20  1.782845E+20  1.210952E-03  9.267631E+01  3.071957E+03  8.130755E+01  1.683993E+03
    4.472299E+00 -3.282028E+00  4.469142E+00 -3.288504E+00  4.470721E+00 -3.285266E+00  3.796997E+17  1.616128E+01  2.513974E+01  1.315497E+01  1.321930E+20  1.979934E+20  1.695007E-03  6.816978E+02  2.771579E+03  9.862408E+02  1.687064E+03
    4.469142E+00 -3.288504E+00  4.465713E+00 -3.295540E+00  4.467428E+00 -3.292022E+00  3.789289E+17  1.615491E+01  2.513059E+01  1.257810E+01  1.385300E+20  2.364706E+20  1.302241E-03  1.035105E+03  2.554935E+03  2.071779E+03  1.702818E+03
    4.465713E+00 -3.295540E+00  4.462262E+00 -3.302614E+00  4.463988E+00 -3.299077E+00  3.708754E+17  1.614830E+01  2.512247E+01  1.165476E+01  1.749713E+20  1.970606E+20  1.277428E-03  1.124974E+03  3.426592E+03  1.537534E+03  1.727605E+03
    4.462262E+00 -3.302614E+00  4.458787E+00 -3.309741E+00  4.460525E+00 -3.306178E+00  3.629432E+17  1.614176E+01  2.511596E+01  1.135973E+01  1.838695E+20  2.109163E+20  1.515116E-03  1.260454E+03  3.507874E+03  1.193135E+03  1.746699E+03
    4.458787E+00 -3.309741E+00  4.455243E+00 -3.317002E+00  4.457015E+00 -3.313372E+00  3.508779E+17  1.613521E+01  2.511087E+01  1.191444E+01  1.849552E+20  2.457548E+20  1.639389E-03  4.729645E+02  4.449157E+03  1.261555E+03  1.769485E+03
    4.455243E+00 -3.317002E+00  4.451656E+00 -3.324373E+00  4.453449E+00 -3.320688E+00  2.576060E+17  1.612840E+01  2.510825E+01  1.118513E+01  1.903483E+20  2.281213E+20  2.287859E-03  1.605200E+03  3.288018E+03  2.119356E+03  1.797860E+03
    4.451656E+00 -3.324373E+00  4.448045E+00 -3.331778E+00  4.449850E+00 -3.328076E+00  2.576060E+17  1.612840E+01  2.510825E+01  1.102839E+01  1.982998E+20  2.203186E+20  2.557702E-03  1.099209E+03  4.066197E+03  1.976316E+03  1.824008E+03
    4.448045E+00 -3.331778E+00  4.444425E+00 -3.339188E+00  4.446235E+00 -3.335483E+00  2.576060E+17  1.612840E+01  2.510825E+01  1.034955E+01  2.016533E+20  2.526401E+20  2.738595E-03  5.956284E+02  4.691462E+03  1.353238E+03  1.853930E+03
    4.444425E+00 -3.339188E+00  4.440704E+00 -3.346815E+00  4.442565E+00 -3.343001E+00  4.800063E+17  1.715269E+01  2.535745E+01  1.089931E+01  2.045940E+20  2.797553E+20  3.185184E-03  1.969286E+03  3.222389E+03  1.516720E+03  1.889104E+03
    4.440704E+00 -3.346815E+00  4.436941E+00 -3.354540E+00  4.438823E+00 -3.350677E+00  4.676432E+17  1.714457E+01  2.534660E+01  9.899122E+00  2.169862E+20  2.477826E+20  3.691297E-03  1.583936E+03  4.029030E+03  1.757132E+03  1.918627E+03
    4.436941E+00 -3.354540E+00  4.436896E+00 -3.354635E+00  4.436919E+00 -3.354587E+00  4.676432E+17  1.714457E+01  2.534660E+01  1.227017E+01  3.279562E+20  7.380281E+17  2.368005E-03  7.873771E+03  0.000000E+00  2.521465E+01  1.904113E+03
    4.436896E+00 -3.354635E+00  4.425552E+00 -3.377893E+00  4.431224E+00 -3.366264E+00  3.383690E+17  1.713578E+01  2.533737E+01  1.112855E+01  3.395330E+20  2.846239E+20  2.756437E-03  2.107427E+03  6.924896E+03  1.143658E+03  1.995516E+03
    4.425552E+00 -3.377893E+00  4.413313E+00 -3.402993E+00  4.419433E+00 -3.390443E+00  3.383690E+17  1.713578E+01  2.533737E+01  1.041824E+01  3.634739E+20  3.319924E+20  3.218129E-03  2.102843E+03  7.561952E+03  1.308638E+03  2.124418E+03
    4.413313E+00 -3.402993E+00  4.413256E+00 -3.403108E+00  4.413285E+00 -3.403051E+00  4.148472E+17  1.803037E+01  2.523378E+01  1.065759E+01  5.053453E+20  1.612208E+20  3.696352E-03  1.052940E+04  2.544445E+03  2.460049E+03  2.238050E+03
    4.413256E+00 -3.403108E+00  4.393559E+00 -3.443498E+00  4.403407E+00 -3.423303E+00  4.148472E+17  1.803037E+01  2.523378E+01  1.040550E+01  5.108684E+20  3.848412E+20  4.126807E-03  3.742270E+03  1.018683E+04  1.330227E+03  2.350722E+03
    4.393559E+00 -3.443498E+00  4.376327E+00 -3.478836E+00  4.384943E+00 -3.461167E+00  5.233125E+17  1.890533E+01  2.527155E+01  1.023362E+01  7.552783E+20  4.832910E+20  6.512085E-03  5.509623E+03  1.552292E+04  5.096776E+02  2.689771E+03
    4.376327E+00 -3.478836E+00  4.362228E+00 -3.507747E+00  4.369277E+00 -3.493291E+00  6.713540E+17  2.003101E+01  2.524433E+01  1.092122E+01  1.086864E+21  6.351512E+20  7.968426E-03  8.247291E+03  2.304074E+04  5.312239E+02  3.056713E+03
    4.362228E+00 -3.507747E+00  4.349004E+00 -3.534861E+00  4.355616E+00 -3.521304E+00  8.095352E+17  2.103253E+01  2.524081E+01  9.635433E+00  1.431954E+21  7.966939E+20  1.001583E-02  1.232234E+04  2.978114E+04 -2.503230E+02  3.458508E+03
    4.349004E+00 -3.534861E+00  4.336615E+00 -3.560266E+00  4.342810E+00 -3.547564E+00  1.016775E+18  2.190676E+01  2.501542E+01  9.604624E+00  1.937457E+21  9.771401E+20  1.000263E-02  1.605988E+04  4.196551E+04 -4.897818E+02  3.940417E+03
    4.336615E+00 -3.560266E+00  4.326008E+00 -3.582018E+00  4.331312E+00 -3.571142E+00  1.331777E+18  2.334588E+01  2.531548E+01  9.541589E+00  2.745933E+21  1.198316E+21  1.363526E-02  2.191105E+04  6.334378E+04 -2.219527E+03  4.457522E+03
    4.326008E+00 -3.582018E+00  4.315899E+00 -3.602748E+00  4.320954E+00 -3.592383E+00  1.514175E+18  2.514735E+01  2.641866E+01  9.697251E+00  3.370884E+21  1.503891E+21  1.755588E-02  3.123839E+04  7.982120E+04 -3.104846E+03  5.034427E+03
    4.315899E+00 -3.602748E+00  4.305987E+00 -3.623073E+00  4.310943E+00 -3.612911E+00  1.771434E+18  2.676151E+01  2.755208E+01  9.729539E+00  4.241885E+21  1.840538E+21  2.195489E-02  4.300568E+04  1.031452E+05 -4.511340E+03  6.364560E+03
    4.305987E+00 -3.623073E+00  4.296134E+00 -3.643278E+00  4.301061E+00 -3.633176E+00  2.150433E+18  2.809610E+01  2.786299E+01  9.673560E+00  5.420569E+21  2.204058E+21  2.365629E-02  5.699725E+04  1.353002E+05 -6.557544E+03  7.734144E+03
    4.296134E+00 -3.643278E+00  4.286969E+00 -3.662074E+00  4.291552E+00 -3.652676E+00  2.762279E+18  2.978732E+01  2.830340E+01  9.382732E+00  7.384119E+21  2.744483E+21  3.175767E-02  7.838147E+04  1.952854E+05 -1.099486E+04  9.035223E+03
    4.286969E+00 -3.662074E+00  4.278489E+00 -3.679462E+00  4.282729E+00 -3.670768E+00  3.312075E+18  3.268457E+01  2.982741E+01  9.146325E+00  9.499585E+21  3.590687E+21  4.392364E-02  1.105723E+05  2.662301E+05 -1.676874E+04  1.050278E+04
    4.278489E+00 -3.679462E+00  4.270209E+00 -3.696442E+00  4.274349E+00 -3.687952E+00  3.970927E+18  3.562750E+01  3.154406E+01  9.258259E+00  1.219723E+22  4.413698E+21  5.494672E-02  1.519698E+05  3.657044E+05 -2.226295E+04  1.221411E+04
    4.270209E+00 -3.696442E+00  4.262019E+00 -3.713238E+00  4.266114E+00 -3.704840E+00  4.918500E+18  3.836849E+01  3.277952E+01  9.252565E+00  1.599118E+22  5.773592E+21  7.161096E-02  2.169262E+05  5.035709E+05 -3.074197E+04  1.447569E+04
    4.262019E+00 -3.713238E+00  4.253906E+00 -3.729877E+00  4.257963E+00 -3.721557E+00  6.377212E+18  4.134624E+01  3.365296E+01  9.006571E+00  2.192469E+22  7.674668E+21  8.902305E-02  3.043908E+05  7.386291E+05 -4.817717E+04  1.766575E+04
    4.253906E+00 -3.729877E+00  4.245862E+00 -3.746372E+00  4.249884E+00 -3.738124E+00  8.225587E+18  4.514119E+01  3.384710E+01  9.013481E+00  2.977399E+22  1.025117E+22  1.096664E-01  4.508835E+05  1.035848E+06 -6.613841E+04  2.269890E+04
    4.245862E+00 -3.746372E+00  4.238288E+00 -3.761902E+00  4.242075E+00 -3.754137E+00  1.338786E+19  4.554584E+01  2.776392E+01  8.217859E+00  4.792063E+22  1.619432E+22  1.497310E-01  7.106254E+05  1.581370E+06 -1.059890E+05  3.241172E+04
    4.238288E+00 -3.761902E+00  4.230568E+00 -3.777733E+00  4.234428E+00 -3.769818E+00  3.236930E+19  3.425826E+01  1.555296E+01  7.056946E+00  9.780028E+22  3.628205E+22  2.242318E-01  1.003833E+06  2.304400E+06 -1.678261E+05  5.595741E+04
    4.230568E+00 -3.777733E+00  4.221708E+00 -3.795902E+00  4.226138E+00 -3.786817E+00  1.415211E+20  1.073494E+01  8.190958E+00  5.294254E+00  2.704424E+23  1.183501E+23  5.804163E-01  9.697465E+05  2.747138E+06 -2.194860E+05  9.432878E+04
    4.221708E+00 -3.795902E+00  4.214939E+00 -3.809782E+00  4.218324E+00 -3.802842E+00  9.574294E+19  2.865026E+00  3.364982E+00  3.384490E+00  1.074642E+23  7.764313E+22  9.672683E-01  1.245879E+05  5.308305E+05 -2.338543E+04  2.847707E+04
    4.214939E+00 -3.809782E+00  4.209045E+00 -3.821869E+00  4.211992E+00 -3.815826E+00  5.297535E+19  1.876893E+00  2.160657E+00  2.592676E+00  4.860933E+22  4.308266E+22  6.934844E-01  3.675910E+04  1.983127E+05 -2.669840E+03  1.354882E+04
    4.209045E+00 -3.821869E+00  4.201725E+00 -3.836866E+00  4.205385E+00 -3.829367E+00  2.543191E+19  1.497947E+00  1.754721E+00  2.245148E+00  2.135950E+22  2.621441E+22  5.081950E-01  1.321079E+04  8.002286E+04  3.542927E+03  8.380940E+03
    4.201725E+00 -3.836866E+00  4.194393E+00 -3.851901E+00  4.198059E+00 -3.844383E+00  9.862512E+18  1.226955E+00  1.501130E+00  2.066583E+00  7.746602E+21  1.795726E+22  4.057738E-01  3.810613E+03  2.761940E+04  5.747405E+03  5.653786E+03
    4.194393E+00 -3.851901E+00  4.185380E+00 -3.870385E+00  4.189886E+00 -3.861143E+00  2.697728E+18  1.067523E+00  1.502940E+00  2.094484E+00  2.101350E+21  1.429664E+22  3.428918E-01  9.924934E+02  7.370673E+03  6.104055E+03  3.959512E+03
    4.185380E+00 -3.870385E+00  4.190798E+00 -3.882800E+00  4.188089E+00 -3.876592E+00  6.399536E+17  9.309061E-01  1.528853E+00  2.137072E+00  5.963408E+20  1.855610E+22  3.349582E-01  2.226333E+02  2.262437E+03  1.296889E+04  1.517391E+04
    4.190798E+00 -3.882800E+00  4.192225E+00 -3.882912E+00  4.191512E+00 -3.882856E+00  6.805496E+17  9.751544E-01  1.580397E+00  2.200464E+00  2.578367E+20  2.239271E+22  3.319973E-01  1.021272E+02  1.002605E+03  1.869939E+04  1.573700E+04
    4.192225E+00 -3.882912E+00  4.195959E+00 -3.883208E+00  4.194092E+00 -3.883060E+00  6.805496E+17  9.751544E-01  1.580397E+00  2.264327E+00  5.073501E+19  2.323381E+22  3.365103E-01  3.400414E+00  3.186587E+02  1.826404E+04  1.599152E+04
    4.195959E+00 -3.883208E+00  4.201979E+00 -3.883680E+00  4.198969E+00 -3.883444E+00  9.066125E+16  1.109678E+00  2.115560E+00  2.224585E+00  5.049051E+19  2.452356E+22  3.321561E-01  5.007224E+01  2.032365E+02  2.057793E+04  1.642292E+04
    4.201979E+00 -3.883680E+00  4.208918E+00 -3.884228E+00  4.205449E+00 -3.883954E+00  9.066125E+16  1.109678E+00  2.115560E+00  2.307472E+00  5.068161E+19  2.552252E+22  3.328473E-01  2.701978E+01  2.443112E+02  2.175403E+04  1.692894E+04
    4.208918E+00 -3.884228E+00  4.216810E+00 -3.884847E+00  4.212864E+00 -3.884537E+00  9.066125E+16  1.109678E+00  2.115560E+00  2.284710E+00  5.025595E+19  2.706011E+22  3.256961E-01  2.766934E+01  2.337620E+02  2.452782E+04  1.737589E+04
    4.216810E+00 -3.884847E+00  4.225795E+00 -3.885558E+00  4.221303E+00 -3.885202E+00  1.278325E+17  1.134698E+00  2.158092E+00  2.304347E+00  4.569615E+19  2.787744E+22  3.234193E-01  4.004595E+01  1.831656E+02  2.686923E+04  1.771871E+04
    4.225795E+00 -3.885558E+00  4.231723E+00 -3.886023E+00  4.228759E+00 -3.885791E+00  1.345256E+17  1.159146E+00  2.222774E+00  2.396963E+00  4.442067E+19  2.778618E+22  3.124731E-01  2.621229E+01  1.920166E+02  2.763568E+04  1.786024E+04
    4.231723E+00 -3.886023E+00  4.236025E+00 -3.886366E+00  4.233874E+00 -3.886195E+00  1.345256E+17  1.159146E+00  2.222774E+00  2.423167E+00  5.910025E+18  2.730668E+22  2.831024E-01  4.157187E+00  5.746311E+01  2.796063E+04  1.787405E+04
    4.236025E+00 -3.886366E+00  4.247945E+00 -3.887299E+00  4.241985E+00 -3.886833E+00  1.144601E+16  9.703269E-01  2.585896E+00  2.426845E+00  5.874227E+18  2.627288E+22  2.843593E-01  0.000000E+00  5.294771E+01  2.726992E+04  1.773802E+04
    4.247945E+00 -3.887299E+00  4.261273E+00 -3.888353E+00  4.254609E+00 -3.887826E+00  1.144601E+16  9.703269E-01  2.585896E+00  2.500168E+00  5.877669E+18  2.447759E+22  2.652304E-01  0.000000E+00  3.239703E+01  2.683122E+04  1.725575E+04
    4.261273E+00 -3.888353E+00  4.276153E+00 -3.889524E+00  4.268713E+00 -3.888939E+00  1.144601E+16  9.703269E-01  2.585896E+00  2.473839E+00  5.868338E+18  2.172373E+22  2.321711E-01  0.000000E+00  1.011371E+02  2.369478E+04  1.640600E+04
    4.276153E+00 -3.889524E+00  4.277753E+00 -3.889652E+00  4.276953E+00 -3.889588E+00  2.041017E+16  9.752367E-01  2.587405E+00  2.523750E+00  5.904193E+18  2.022126E+22  2.198396E-01  1.081233E+01  0.000000E+00  2.354251E+04  1.581212E+04
    4.277753E+00 -3.889652E+00  4.292299E+00 -3.890794E+00  4.285026E+00 -3.890223E+00  1.248812E+15  8.117462E-01  2.677955E+00  2.566942E+00  6.293761E+17  1.848942E+22  1.978958E-01  1.119132E+00  0.000000E+00  2.174638E+04  1.518844E+04
    4.292299E+00 -3.890794E+00  4.308636E+00 -3.892084E+00  4.300468E+00 -3.891439E+00  1.248812E+15  8.117462E-01  2.677955E+00  2.516328E+00  6.227378E+17  1.646621E+22  1.891238E-01  0.000000E+00  6.716973E+00  1.852048E+04  1.395962E+04
    4.308636E+00 -3.892084E+00  4.324919E+00 -3.893367E+00  4.316777E+00 -3.892726E+00  1.248812E+15  8.117462E-01  2.677955E+00  2.541378E+00  5.591356E+17  1.426090E+22  1.707314E-01  9.942331E-01  0.000000E+00  1.561782E+04  1.269456E+04
    4.324919E+00 -3.893367E+00  4.327097E+00 -3.893539E+00  4.326008E+00 -3.893453E+00  2.342110E+15  8.123265E-01  2.679958E+00  2.546612E+00  5.340261E+17  1.253927E+22  1.572101E-01  9.495844E-01  0.000000E+00  1.404539E+04  1.201313E+04
    4.327097E+00 -3.893539E+00  4.343789E+00 -3.894854E+00  4.335443E+00 -3.894196E+00  8.425866E+13  5.534015E-01  2.845372E+00  2.539439E+00  3.510782E+16  1.224612E+22  1.425407E-01  5.618659E-02  0.000000E+00  1.347185E+04  1.136112E+04
    4.343789E+00 -3.894854E+00  4.366697E+00 -3.896657E+00  4.355243E+00 -3.895756E+00  8.425866E+13  5.534015E-01  2.845372E+00  2.495528E+00  3.498406E+16  1.073259E+22  1.350443E-01  5.598852E-02  0.000000E+00  1.141022E+04  1.012057E+04
    4.366697E+00 -3.896657E+00  4.389865E+00 -3.898485E+00  4.378281E+00 -3.897571E+00  8.425866E+13  5.534015E-01  2.845372E+00  2.503289E+00  3.494943E+16  9.269039E+21  1.288497E-01  5.593309E-02  0.000000E+00  9.867978E+03  8.880008E+03
    4.389865E+00 -3.898485E+00  4.392651E+00 -3.898706E+00  4.391258E+00 -3.898596E+00  4.200979E+12  3.296012E-01  2.950553E+00  2.498963E+00  1.696769E+15  8.755423E+21  1.142829E-01  2.494613E-03  0.000000E+00  9.210499E+03  8.263770E+03
    4.392651E+00 -3.898706E+00  4.416441E+00 -3.900580E+00  4.404546E+00 -3.899643E+00  4.200979E+12  3.296012E-01  2.950553E+00  2.477816E+00  1.554596E+15  8.036585E+21  1.114570E-01  2.285589E-03  0.000000E+00  7.971583E+03  7.718232E+03
    4.416441E+00 -3.900580E+00  4.439840E+00 -3.902424E+00  4.428140E+00 -3.901502E+00  4.200979E+12  3.296012E-01  2.950553E+00  2.429283E+00  1.350276E+15  6.955700E+21  1.046338E-01  1.985195E-03  0.000000E+00  6.631241E+03  6.848547E+03
    4.439840E+00 -3.902424E+00  4.467406E+00 -3.904594E+00  4.453623E+00 -3.903509E+00  7.088056E+12  3.296106E-01  2.950570E+00  2.407844E+00  1.343104E+15  6.473323E+21  1.027554E-01  1.974650E-03  0.000000E+00  6.191912E+03  6.067754E+03
    4.467406E+00 -3.904594E+00  4.472321E+00 -3.904983E+00  4.469864E+00 -3.904788E+00  1.397975E+11  2.398239E-01  2.705553E+00  2.363063E+00  4.176592E+13  5.957955E+21  9.884635E-02  5.377041E-05  0.000000E+00  4.829396E+03  5.626837E+03
    4.472321E+00 -3.904983E+00  4.488453E+00 -3.925511E+00  4.480387E+00 -3.915247E+00  1.397975E+11  2.398239E-01  2.705553E+00  2.159818E+00  1.287117E+14  3.231823E+21  7.210422E-02  1.657064E-04  0.000000E+00  2.155924E+03  2.274844E+03
    4.488453E+00 -3.925511E+00  4.484247E+00 -3.951667E+00  4.486350E+00 -3.938589E+00  1.000000E+10  3.536261E-02  3.449280E+00  1.880524E+00  1.081389E+13  2.085749E+21  7.448097E-02  1.522480E-05  0.000000E+00  1.386760E+03  1.527322E+03
    4.484247E+00 -3.951667E+00  4.483146E+00 -3.958541E+00  4.483697E+00 -3.955104E+00  1.000000E+10  3.000000E-02  7.956305E-01  1.964961E+00  5.424997E+12  2.034115E+21  7.474657E-02  1.938398E-06  0.000000E+00  1.575803E+03  1.461212E+03
    4.483146E+00 -3.958541E+00  4.478988E+00 -3.977730E+00  4.481067E+00 -3.968136E+00  1.000000E+10  3.000000E-02  7.956305E-01  1.896840E+00  5.307888E+12  1.893762E+21  7.359432E-02  1.896554E-06  0.000000E+00  1.471195E+03  1.351062E+03
    4.478988E+00 -3.977730E+00  4.468743E+00 -4.005677E+00  4.473866E+00 -3.991704E+00  1.000000E+10  3.000000E-02  5.114686E-01  1.835661E+00  4.151900E+12  1.706125E+21  7.412543E-02  9.254220E-07  0.000000E+00  1.333889E+03  1.134421E+03
    4.468743E+00 -4.005677E+00  4.462184E+00 -4.023565E+00  4.465463E+00 -4.014621E+00  1.000000E+10  3.000000E-02  4.672197E-01  1.771103E+00  4.106718E+12  1.611684E+21  7.470151E-02  8.433284E-07  0.000000E+00  1.258080E+03  1.090117E+03
    4.462184E+00 -4.023565E+00  4.458224E+00 -4.034356E+00  4.460204E+00 -4.028960E+00  1.000000E+10  3.000000E-02  4.672197E-01  1.889209E+00  4.155031E+12  1.537824E+21  7.563350E-02  8.532496E-07  0.000000E+00  1.208936E+03  1.036451E+03
    4.458224E+00 -4.034356E+00  4.442304E+00 -4.043091E+00  4.450264E+00 -4.038724E+00  1.000000E+10  3.000000E-02  4.243275E-01  1.792888E+00  1.690483E+12  9.659033E+20  7.769157E-02  3.192151E-07  0.000000E+00  6.738453E+02  6.019542E+02
    4.442304E+00 -4.043091E+00  4.423126E+00 -4.046017E+00  4.432715E+00 -4.044554E+00  1.000000E+10  3.000000E-02  4.243248E-01  1.770659E+00  1.753878E+11  7.641508E+20  7.588751E-02  3.311860E-08  0.000000E+00  1.091862E+03  2.767483E+02
    4.423126E+00 -4.046017E+00  4.402946E+00 -4.049095E+00  4.413036E+00 -4.047556E+00  1.000034E+10  3.000000E-02  4.243227E-01  1.778957E+00  1.023452E+11  7.002412E+20  7.432896E-02  1.932591E-08  0.000000E+00  4.103588E+02  2.609651E+02
    4.402946E+00 -4.049095E+00  4.393706E+00 -4.069107E+00  4.398326E+00 -4.059101E+00  1.000000E+10  3.000000E-02  4.243209E-01  1.977228E+00  3.904609E+12  1.003213E+21  7.593970E-02  7.373100E-07  0.000000E+00  9.091326E+02  8.688044E+02
    4.393706E+00 -4.069107E+00  4.396176E+00 -4.096413E+00  4.394941E+00 -4.082760E+00  1.000000E+10  3.000000E-02  4.198179E-01  2.084775E+00  4.810206E+12  9.350600E+20  7.599905E-02  9.075310E-07  0.000000E+00  1.026859E+03  8.706061E+02
    4.396176E+00 -4.096413E+00  4.413781E+00 -4.115801E+00  4.404979E+00 -4.106107E+00  1.000000E+10  3.000000E-02  3.929754E-01  2.005869E+00  3.845287E+12  9.541972E+20  7.569108E-02  6.790201E-07  0.000000E+00  5.613200E+02  6.028727E+02
    4.413781E+00 -4.115801E+00  4.432435E+00 -4.123363E+00  4.423108E+00 -4.119582E+00  1.000302E+10  3.000000E-02  3.929771E-01  2.122001E+00  2.057209E+12  1.009622E+21  7.741131E-02  3.632722E-07  0.000000E+00  4.714929E+02  5.044401E+02
    4.432435E+00 -4.123363E+00  4.433406E+00 -4.123754E+00  4.432920E+00 -4.123559E+00  1.000302E+10  3.000000E-02  3.929771E-01  2.210399E+00  2.188663E+12  9.805021E+20  7.493252E-02  4.247299E-07  0.000000E+00  3.340684E+02  6.031160E+02
    4.433406E+00 -4.123754E+00  4.453754E+00 -4.132007E+00  4.443580E+00 -4.127881E+00  1.000000E+10  3.000000E-02  4.361546E-01  2.028914E+00  2.179142E+12  1.236200E+21  7.748735E-02  4.228823E-07  0.000000E+00  6.307178E+02  6.974906E+02
    4.453754E+00 -4.132007E+00  4.477573E+00 -4.141660E+00  4.465663E+00 -4.136833E+00  1.000000E+10  3.000000E-02  4.361546E-01  2.161342E+00  2.134404E+12  1.290509E+21  7.675226E-02  4.142003E-07  0.000000E+00  6.162009E+02  8.302152E+02
    4.477573E+00 -4.141660E+00  4.501673E+00 -4.151428E+00  4.489623E+00 -4.146544E+00  1.000000E+10  3.000000E-02  4.361546E-01  2.056241E+00  2.025838E+12  1.425693E+21  7.753661E-02  3.931321E-07  0.000000E+00  8.585294E+02  9.007166E+02
    4.501673E+00 -4.151428E+00  4.505313E+00 -4.152900E+00  4.503493E+00 -4.152164E+00  1.000000E+10  3.000000E-02  4.361546E-01  2.062487E+00  1.984194E+12  1.508849E+21  7.870410E-02  3.766231E-07  0.000000E+00  5.856237E+02  9.226752E+02
    4.505313E+00 -4.152900E+00  4.526332E+00 -4.161424E+00  4.515822E+00 -4.157162E+00  1.000000E+10  3.000000E-02  4.127843E-01  1.998157E+00  1.713030E+12  1.479311E+21  7.662541E-02  3.251530E-07  0.000000E+00  7.317367E+02  9.653062E+02
    4.526332E+00 -4.161424E+00  4.551850E+00 -4.171769E+00  4.539091E+00 -4.166596E+00  1.000000E+10  3.000000E-02  4.127843E-01  2.177576E+00  1.672363E+12  1.499734E+21  7.659091E-02  3.174338E-07  0.000000E+00  8.793862E+02  1.009520E+03
    4.551850E+00 -4.171769E+00  4.584340E+00 -4.184936E+00  4.568095E+00 -4.178353E+00  1.000000E+10  3.000000E-02  4.127843E-01  2.241611E+00  1.619671E+12  1.575125E+21  7.844173E-02  3.074324E-07  0.000000E+00  7.722773E+02  1.059966E+03
    4.584340E+00 -4.184936E+00  4.597260E+00 -4.190174E+00  4.590800E+00 -4.187555E+00  1.000000E+10  3.000000E-02  4.128121E-01  2.210851E+00  1.358106E+12  1.618097E+21  7.854701E-02  2.577843E-07  0.000000E+00  9.682225E+02  1.080738E+03
    4.597260E+00 -4.190174E+00  4.609344E+00 -4.195075E+00  4.603302E+00 -4.192624E+00  1.000000E+10  3.000000E-02  4.128121E-01  2.198503E+00  1.232041E+12  1.557001E+21  7.865211E-02  2.299601E-07  0.000000E+00  9.477767E+02  1.090927E+03
    4.609344E+00 -4.195075E+00  4.646117E+00 -4.209980E+00  4.627731E+00 -4.202527E+00  1.000000E+10  3.000000E-02  3.947606E-01  2.176944E+00  1.081088E+12  1.575637E+21  7.701500E-02  2.017848E-07  0.000000E+00  8.863215E+02  1.095001E+03
    4.646117E+00 -4.209980E+00  4.672296E+00 -4.220592E+00  4.659207E+00 -4.215286E+00  1.000000E+10  3.000000E-02  3.947606E-01  2.200850E+00  1.045460E+12  1.531915E+21  7.939801E-02  1.951348E-07  0.000000E+00  8.360506E+02  1.101572E+03
    4.672296E+00 -4.220592E+00  4.709373E+00 -4.235621E+00  4.690835E+00 -4.228106E+00  1.000000E+10  3.000000E-02  3.947606E-01  2.126934E+00  8.163588E+11  1.540563E+21  7.992027E-02  1.523731E-07  0.000000E+00  7.059239E+02  1.108166E+03
    4.709373E+00 -4.235621E+00  4.733704E+00 -4.245484E+00  4.721538E+00 -4.240552E+00  1.000067E+10  3.000000E-02  3.947617E-01  2.118938E+00  6.529670E+11  1.601366E+21  7.853827E-02  1.218761E-07  0.000000E+00  8.879338E+02  1.127957E+03
    4.733704E+00 -4.245484E+00  4.765412E+00 -4.258336E+00  4.749558E+00 -4.251910E+00  1.000219E+10  3.000000E-02  3.947627E-01  2.174220E+00  6.102702E+11  1.615163E+21  8.039875E-02  1.139067E-07  0.000000E+00  8.273478E+02  1.136526E+03
    4.765412E+00 -4.258336E+00  4.780875E+00 -4.264599E+00  4.773143E+00 -4.261468E+00  1.000005E+10  3.000000E-02  3.947633E-01  2.142347E+00  4.321914E+11  1.474642E+21  8.103488E-02  8.066839E-08  0.000000E+00  7.680455E+02  1.136196E+03
    4.918419E+00 -3.943729E+00  4.914628E+00 -3.942231E+00  4.916523E+00 -3.942980E+00  2.059130E+10  3.181990E-01  3.449283E+00  2.468610E+00  3.659261E+11  1.510594E+21  9.432441E-02  4.599269E-07  0.000000E+00  1.015726E+03  7.883291E+02
    4.914628E+00 -3.942231E+00  4.892609E+00 -3.933551E+00  4.903618E+00 -3.937891E+00  2.059130E+10  3.181990E-01  3.449283E+00  2.526559E+00  3.511242E+11  1.526980E+21  9.341205E-02  4.413226E-07  0.000000E+00  8.780764E+02  7.850305E+02
    4.892609E+00 -3.933551E+00  4.853334E+00 -3.918084E+00  4.872972E+00 -3.925818E+00  1.000000E+10  2.398254E-01  2.705558E+00  2.550521E+00  8.033856E+11  1.520194E+21  9.071736E-02  1.009763E-06  0.000000E+00  8.780509E+02  7.829671E+02
    4.853334E+00 -3.918084E+00  4.817549E+00 -3.883483E+00  4.835442E+00 -3.900784E+00  1.000000E+10  2.398254E-01  2.705558E+00  2.191643E+00  4.161474E+12  1.936257E+21  9.146276E-02  5.230491E-06  0.000000E+00  1.337272E+03  1.385995E+03
    4.817549E+00 -3.883483E+00  4.801686E+00 -3.864058E+00  4.809618E+00 -3.873771E+00  3.020821E+11  3.296268E-01  2.950695E+00  2.165741E+00  1.588879E+14  2.840688E+21  9.761086E-02  2.486341E-04  0.000000E+00  2.079419E+03  1.238431E+03
    4.801686E+00 -3.864058E+00  4.759210E+00 -3.855495E+00  4.780448E+00 -3.859776E+00  3.020821E+11  3.296268E-01  2.950695E+00  2.057631E+00  3.193786E+13  2.030950E+21  9.539847E-02  4.997763E-05  0.000000E+00  1.285557E+03  1.122617E+01
    4.759210E+00 -3.855495E+00  4.699513E+00 -3.853300E+00  4.729362E+00 -3.854398E+00  8.552379E+11  3.296276E-01  2.950693E+00  2.148120E+00  8.531817E+12  2.077058E+21  9.812548E-02  1.335093E-05  0.000000E+00  1.392939E+03  9.133406E+02
    4.699513E+00 -3.853300E+00  4.691117E+00 -3.846557E+00  4.695315E+00 -3.849929E+00  1.652499E+12  3.296277E-01  2.950686E+00  2.301051E+00  1.801780E+14  3.712036E+21  1.007282E-01  2.819497E-04  0.000000E+00  2.567922E+03  1.951697E+03
    4.691117E+00 -3.846557E+00  4.672636E+00 -3.817697E+00  4.681876E+00 -3.832127E+00  1.229495E+13  5.536222E-01  2.845958E+00  2.130344E+00  9.514095E+15  4.988069E+21  1.003730E-01  1.561839E-02  0.000000E+00  4.076660E+03  3.535013E+03
    4.672636E+00 -3.817697E+00  4.656778E+00 -3.791728E+00  4.664707E+00 -3.804713E+00  3.629142E+14  8.136206E-01  2.692286E+00  2.063293E+00  2.878109E+17  5.459213E+21  9.690828E-02  0.000000E+00  1.034106E+01  4.244081E+03  4.079929E+03
    4.656778E+00 -3.791728E+00  4.645844E+00 -3.765956E+00  4.651311E+00 -3.778842E+00  6.573430E+15  9.486050E-01  2.093303E+00  2.032393E+00  5.099441E+18  6.213023E+21  9.362618E-02  4.844726E+00  4.490162E+01  4.886557E+03  5.107365E+03
    4.645844E+00 -3.765956E+00  4.688195E+00 -3.729533E+00  4.667019E+00 -3.747745E+00  1.291958E+17  1.069674E+00  1.679163E+00  2.190884E+00  3.231387E+19  4.729526E+21  5.784262E-02  1.496454E+01  1.224478E+02  3.647647E+03  5.301904E+03
    4.688195E+00 -3.729533E+00  4.694374E+00 -3.727565E+00  4.691284E+00 -3.728549E+00  1.291958E+17  1.069674E+00  1.679163E+00  2.077527E+00  9.740977E+18  3.168410E+21  4.074095E-02  5.640984E+00  2.905838E+01  2.689295E+03  3.220535E+03
    4.694374E+00 -3.727565E+00  4.748191E+00 -3.714410E+00  4.721283E+00 -3.720987E+00  3.573700E+18  1.864409E+00  1.916316E+00  2.156625E+00  5.487015E+18  2.504379E+21  3.191220E-02  4.464708E+00  1.188180E+01  1.968071E+03  2.572035E+03
    4.748191E+00 -3.714410E+00  4.810498E+00 -3.706808E+00  4.779345E+00 -3.710609E+00  3.473542E+18  1.989816E+00  2.015857E+00  2.255033E+00  9.727877E+17  1.710395E+21  2.296369E-02  1.116334E+00  1.233861E+00  1.989909E+03  1.605662E+03
    4.810498E+00 -3.706808E+00  4.885400E+00 -3.711022E+00  4.847949E+00 -3.708915E+00  3.383174E+18  2.114560E+00  2.135613E+00  2.371331E+00  7.230861E+18  1.165057E+21  1.360536E-02  2.821123E+00  2.466363E+01  9.490265E+02  1.033849E+03
    4.885400E+00 -3.711022E+00  4.921963E+00 -3.717515E+00  4.903681E+00 -3.714269E+00  3.301697E+18  2.185908E+00  2.209295E+00  2.521053E+00  1.274931E+18  9.330509E+20  8.888670E-03  0.000000E+00  9.194696E+00  6.923776E+02  8.206237E+02
    4.921963E+00 -3.717515E+00  4.950229E+00 -3.724756E+00  4.936096E+00 -3.721136E+00  3.301697E+18  2.185908E+00  2.209295E+00  2.594328E+00  7.771394E+18  8.484570E+20  5.632743E-03  5.242514E+00  2.433319E+01  1.374853E+03  7.518787E+02
    4.950229E+00 -3.724756E+00  4.992555E+00 -3.737347E+00  4.971392E+00 -3.731051E+00  3.295583E+18  2.204550E+00  2.221269E+00  2.504475E+00  1.329802E+18  7.724266E+20  5.828280E-03  9.566831E-01  3.423518E+00  5.307040E+02  7.183782E+02
    4.992555E+00 -3.737347E+00  5.035032E+00 -3.757203E+00  5.013794E+00 -3.747275E+00  3.256197E+18  2.221366E+00  2.242877E+00  2.572494E+00  7.003628E+17  7.820081E+20  6.111834E-03  9.544623E-02  2.063332E+00  5.777888E+02  7.127824E+02
    5.035032E+00 -3.757203E+00  5.039063E+00 -3.759091E+00  5.037048E+00 -3.758147E+00  3.328666E+18  2.188043E+00  2.213007E+00  2.589977E+00  5.687289E+18  6.541914E+20  5.797088E-03  3.195924E+00  1.903213E+01  5.173298E+02  7.233180E+02
    5.039063E+00 -3.759091E+00  5.095353E+00 -3.793633E+00  5.067208E+00 -3.776362E+00  3.328666E+18  2.188043E+00  2.213007E+00  2.605685E+00  2.589786E+17  8.457557E+20  8.111646E-03  3.780661E-01  0.000000E+00  8.280199E+02  7.907975E+02
    5.095353E+00 -3.793633E+00  5.158768E+00 -3.847742E+00  5.127061E+00 -3.820687E+00  3.353951E+18  2.168598E+00  2.192864E+00  2.557735E+00  2.111948E+18  1.158878E+21  1.101140E-02  1.879484E+00  4.640425E+00  1.058825E+03  1.039222E+03
    5.158768E+00 -3.847742E+00  5.206752E+00 -3.906500E+00  5.182760E+00 -3.877121E+00  3.431670E+18  2.047872E+00  2.102316E+00  2.436479E+00  1.831428E+18  1.778158E+21  2.078179E-02  2.116167E+00  2.100273E+00  1.839912E+03  1.632788E+03
    5.206752E+00 -3.906500E+00  5.214253E+00 -3.918921E+00  5.210503E+00 -3.912710E+00  3.563014E+18  1.968219E+00  2.040735E+00  2.384737E+00  1.625254E+19  2.475766E+21  3.447826E-02  6.436652E+00  5.501701E+01  2.230298E+03  2.492214E+03
    5.214253E+00 -3.918921E+00  5.241372E+00 -3.963798E+00  5.227813E+00 -3.941360E+00  2.407881E+17  1.123443E+00  1.657731E+00  2.356419E+00  1.636206E+19  2.988787E+21  4.532552E-02  6.870654E+00  5.820426E+01  2.855094E+03  2.808254E+03
    5.241372E+00 -3.963798E+00  5.238311E+00 -3.992418E+00  5.239842E+00 -3.978108E+00  2.407881E+17  1.123443E+00  1.657731E+00  2.308928E+00  9.612545E+19  5.300779E+21  7.018267E-02  5.570508E+01  3.052221E+02  4.982267E+03  5.660076E+03
    5.238311E+00 -3.992418E+00  5.213958E+00 -4.003259E+00  5.226135E+00 -3.997838E+00  2.079219E+16  1.048225E+00  2.237826E+00  2.357655E+00  1.774454E+19  6.056019E+21  9.898632E-02  1.655781E+01  7.517498E+01  5.704226E+03  5.077753E+03
    5.213958E+00 -4.003259E+00  5.187998E+00 -4.012800E+00  5.200978E+00 -4.008029E+00  1.968017E+15  9.219696E-01  2.958087E+00  2.418131E+00  1.802030E+18  5.781703E+21  1.017150E-01  5.673167E-01  2.261119E+01  5.865439E+03  4.491256E+03
    5.187998E+00 -4.012800E+00  5.177047E+00 -4.015968E+00  5.182522E+00 -4.014384E+00  1.770124E+14  8.231694E-01  3.246059E+00  2.539530E+00  1.636659E+17  5.570863E+21  1.017134E-01  3.207679E-01  0.000000E+00  5.382910E+03  4.007883E+03
    5.177047E+00 -4.015968E+00  5.157619E+00 -4.021581E+00  5.167333E+00 -4.018775E+00  1.770124E+14  8.231694E-01  3.246059E+00  2.517512E+00  1.554575E+17  5.358198E+21  1.036832E-01  3.046803E-01  3.529927E+00  5.519027E+03  3.827060E+03
    5.157619E+00 -4.021581E+00  5.105994E+00 -4.004787E+00  5.131807E+00 -4.013184E+00  1.474178E+13  6.920129E-01  3.656362E+00  2.671478E+00  6.126691E+15  3.309090E+21  1.037862E-01  1.255031E-02  0.000000E+00  2.787406E+03  1.357863E+03
    5.105994E+00 -4.004787E+00  5.057568E+00 -3.966710E+00  5.081781E+00 -3.985748E+00  1.474178E+13  6.920129E-01  3.656362E+00  2.540910E+00  0.000000E+00  2.249293E+21  1.008777E-01  0.000000E+00  0.000000E+00  1.765103E+03  7.566597E+01
    5.057568E+00 -3.966710E+00  5.026664E+00 -3.958509E+00  5.042116E+00 -3.962609E+00  6.081032E+10  3.179108E-01  3.419797E+00  2.457328E+00  3.657388E+15  2.864298E+21  1.006209E-01  7.492029E-03  0.000000E+00  2.434679E+03  9.969495E+02
    5.026664E+00 -3.958509E+00  4.984788E+00 -3.969871E+00  5.005726E+00 -3.964190E+00  5.173511E+11  4.757587E-01  3.691727E+00  2.293893E+00  3.436000E+14  2.662369E+21  9.050686E-02  6.736841E-04  0.000000E+00  2.758121E+03  2.341616E+03
    4.984788E+00 -3.969871E+00  4.954418E+00 -3.957908E+00  4.969603E+00 -3.963890E+00  5.173511E+11  4.757587E-01  3.691727E+00  2.476679E+00  1.706249E+13  1.556058E+21  9.191677E-02  3.345381E-05  0.000000E+00  9.982291E+02  8.216625E+02
    4.954418E+00 -3.957908E+00  4.944905E+00 -3.954160E+00  4.949662E+00 -3.956034E+00  3.680247E+10  3.179108E-01  3.419802E+00  2.453076E+00  1.643330E+13  1.568427E+21  9.274418E-02  3.222018E-05  0.000000E+00  9.450734E+02  8.057366E+02
    4.944905E+00 -3.954160E+00  4.918419E+00 -3.943729E+00  4.931662E+00 -3.948944E+00  2.647518E+10  3.179108E-01  3.419803E+00  2.415609E+00  4.277400E+10  1.508879E+21  9.273129E-02  5.376197E-08  0.000000E+00  9.134945E+02  7.954340E+02
    4.918419E+00 -3.943729E+00  4.914628E+00 -3.942231E+00  4.916523E+00 -3.942980E+00  2.059130E+10  3.181990E-01  3.449283E+00  2.468610E+00  3.659261E+11  1.510594E+21  9.432441E-02  4.599269E-07  0.000000E+00  1.015726E+03  7.883291E+02
