Flux_Ion                      	Flux_Atom                          	E_ion                          	E_atom              	alpha_ion           	alpha_atom         	heat_total
6.959266562599996515e+20	1.999215611695999992e+20	1.326666259999999905e+02	5.905965006250062569e+01	6.000000000000000000e+01	5.500000000000000000e+01	6.633150169599999593e+05
6.669150000000000326e+21	1.559915000000000033e+21	6.620669999999999969e+01	5.169230000000000302e+01	6.000000000000000000e+01	5.500000000000000000e+01	5.996065000000000000e+05
2.333269999999999656e+22	5.910519999999999669e+21	5.659959999999999659e+01	3.653159999999999951e+01	6.000000000000000000e+01	5.500000000000000000e+01	1.199990000000000000e+06
9.266609999999999999e+22	1.691690000000000092e+22	2.232660000000000156e+01	1.695390000000000059e+01	6.000000000000000000e+01	5.500000000000000000e+01	1.295550000000000000e+06
1.662295000000000190e+23	2.059901000000000009e+23	5.156359999999999960e+00	5.059535999999999663e+00	6.000000000000000000e+01	5.500000000000000000e+01	9.659210000000000000e+05
1.293535999999999916e+23	5.595110000000000522e+23	1.599596666666666651e+00	1.916999999999999930e+00	6.000000000000000000e+01	5.500000000000000000e+01	5.591116666666666299e+05
3.599330000000000199e+22	6.316630000000000116e+22	1.205603333333333360e+00	1.569990000000000235e+00	6.000000000000000000e+01	5.500000000000000000e+01	1.362665333333333196e+05
6.193655000000000592e+21	1.555920000000000000e+22	1.050135000000000051e+00	1.363365999999999956e+00	6.000000000000000000e+01	5.500000000000000000e+01	3.095119999999999909e+05
1.551339999999999935e+21	9.221060000000000393e+21	6.969125000000000252e-01	1.126050000000000152e+00	6.000000000000000000e+01	5.500000000000000000e+01	1.325550000000000156e+05
3.599509999999999692e+20	9.523295999999999506e+21	9.915630000000000166e-01	9.612550000000000051e-01	6.000000000000000000e+01	5.500000000000000000e+01	6.211600000000000365e+03
9.165660000000000000e+19	6.509055999999999399e+21	6.605090000000000236e-01	1.066065999999999959e+00	6.000000000000000000e+01	5.500000000000000000e+01	6.190920000000000093e+03
0.000000000000000000e+00	0.000000000000000000e+00	0.000000000000000000e+00	0.000000000000000000e+00	0.000000000000000000e+00	0.000000000000000000e+00	0.000000000000000000e+00
0.000000000000000000e+00	0.000000000000000000e+00	0.000000000000000000e+00	0.000000000000000000e+00	0.000000000000000000e+00	0.000000000000000000e+00	0.000000000000000000e+00
0.000000000000000000e+00	0.000000000000000000e+00	0.000000000000000000e+00	0.000000000000000000e+00	0.000000000000000000e+00	0.000000000000000000e+00	0.000000000000000000e+00
0.000000000000000000e+00	0.000000000000000000e+00	0.000000000000000000e+00	0.000000000000000000e+00	0.000000000000000000e+00	0.000000000000000000e+00	0.000000000000000000e+00
