Bin_Index,Flux_Ion,Flux_Atom,E_ion,E_atom,alpha_ion,alpha_atom,heat_total
4.500000000000000000e+01,0.000000000000000000e+00,0.000000000000000000e+00,0.000000000000000000e+00,0.000000000000000000e+00,0.000000000000000000e+00,0.000000000000000000e+00,0.000000000000000000e+00
4.600000000000000000e+01,0.000000000000000000e+00,0.000000000000000000e+00,0.000000000000000000e+00,0.000000000000000000e+00,0.000000000000000000e+00,0.000000000000000000e+00,0.000000000000000000e+00
4.800000000000000000e+01,0.000000000000000000e+00,0.000000000000000000e+00,0.000000000000000000e+00,0.000000000000000000e+00,0.000000000000000000e+00,0.000000000000000000e+00,0.000000000000000000e+00
4.800000000000000000e+01,0.000000000000000000e+00,0.000000000000000000e+00,0.000000000000000000e+00,0.000000000000000000e+00,0.000000000000000000e+00,0.000000000000000000e+00,0.000000000000000000e+00
4.900000000000000000e+01,0.000000000000000000e+00,0.000000000000000000e+00,0.000000000000000000e+00,0.000000000000000000e+00,0.000000000000000000e+00,0.000000000000000000e+00,0.000000000000000000e+00
5.000000000000000000e+01,0.000000000000000000e+00,0.000000000000000000e+00,0.000000000000000000e+00,0.000000000000000000e+00,0.000000000000000000e+00,0.000000000000000000e+00,0.000000000000000000e+00
5.100000000000000000e+01,0.000000000000000000e+00,0.000000000000000000e+00,0.000000000000000000e+00,0.000000000000000000e+00,0.000000000000000000e+00,0.000000000000000000e+00,0.000000000000000000e+00
5.200000000000000000e+01,0.000000000000000000e+00,0.000000000000000000e+00,0.000000000000000000e+00,0.000000000000000000e+00,0.000000000000000000e+00,0.000000000000000000e+00,0.000000000000000000e+00
5.300000000000000000e+01,0.000000000000000000e+00,0.000000000000000000e+00,0.000000000000000000e+00,0.000000000000000000e+00,0.000000000000000000e+00,0.000000000000000000e+00,0.000000000000000000e+00
5.400000000000000000e+01,0.000000000000000000e+00,0.000000000000000000e+00,0.000000000000000000e+00,0.000000000000000000e+00,0.000000000000000000e+00,0.000000000000000000e+00,0.000000000000000000e+00
5.500000000000000000e+01,8.469588288428396849e+19,6.620145000000000098e+21,9.083639999999999493e-01,4.342240000000000322e+01,6.000000000000000000e+01,4.500000000000000000e+01,2.815389468338180515e+04
5.600000000000000000e+01,3.998666482818349855e+20,6.981050000000000459e+21,9.284566666666668080e-01,4.342240000000000322e+01,6.000000000000000000e+01,4.500000000000000000e+01,2.900293189082928281e+04
5.800000000000000000e+01,1.814948150058969104e+21,1.056403999999999869e+22,1.018822500000000085e+00,4.342240000000000322e+01,6.000000000000000000e+01,4.500000000000000000e+01,3.920833364834981144e+04
5.800000000000000000e+01,5.091288880099269332e+22,1.380931599999999830e+23,1.259232000000000129e+00,4.342240000000000322e+01,6.000000000000000000e+01,4.500000000000000000e+01,2.496032201036131592e+05
5.900000000000000000e+01,2.560389590188968849e+23,6.242434999999999058e+23,1.906320000000000014e+00,4.342240000000000322e+01,6.000000000000000000e+01,4.500000000000000000e+01,1.198938380108684513e+06
6.000000000000000000e+01,1.085212116564948280e+23,1.569288999999999845e+23,2.689090000000000416e+00,4.342240000000000322e+01,6.000000000000000000e+01,4.500000000000000000e+01,5.388293806988248851e+05
6.100000000000000000e+01,1.541889081585288628e+22,4.351259999999999608e+21,4.068464999999999985e+01,4.342240000000000322e+01,6.000000000000000000e+01,4.500000000000000000e+01,3.091538841250689013e+05
6.200000000000000000e+01,3.028634353361185183e+21,4.988800000000000000e+20,9.996858499999998809e+01,4.342240000000000322e+01,6.000000000000000000e+01,4.500000000000000000e+01,2.081568581615989204e+05
6.300000000000000000e+01,3.292481238548988904e+20,1.185003206363636204e+20,9.366383636363638888e+01,4.342239999999999611e+01,6.000000000000000000e+01,4.500000000000000000e+01,9.983682686193908682e+04
