Flux_Ion                      	Flux_Atom                          	E_ion                          	E_atom              	alpha_ion           	alpha_atom         	heat_total
0.000000000000000000e+00	0.000000000000000000e+00	0.000000000000000000e+00	0.000000000000000000e+00	0.000000000000000000e+00	0.000000000000000000e+00	0.000000000000000000e+00
0.000000000000000000e+00	0.000000000000000000e+00	0.000000000000000000e+00	0.000000000000000000e+00	0.000000000000000000e+00	0.000000000000000000e+00	0.000000000000000000e+00
0.000000000000000000e+00	0.000000000000000000e+00	0.000000000000000000e+00	0.000000000000000000e+00	0.000000000000000000e+00	0.000000000000000000e+00	0.000000000000000000e+00
0.000000000000000000e+00	0.000000000000000000e+00	0.000000000000000000e+00	0.000000000000000000e+00	0.000000000000000000e+00	0.000000000000000000e+00	0.000000000000000000e+00
0.000000000000000000e+00	0.000000000000000000e+00	0.000000000000000000e+00	0.000000000000000000e+00	0.000000000000000000e+00	0.000000000000000000e+00	0.000000000000000000e+00
0.000000000000000000e+00	0.000000000000000000e+00	0.000000000000000000e+00	0.000000000000000000e+00	0.000000000000000000e+00	0.000000000000000000e+00	0.000000000000000000e+00
0.000000000000000000e+00	0.000000000000000000e+00	0.000000000000000000e+00	0.000000000000000000e+00	0.000000000000000000e+00	0.000000000000000000e+00	0.000000000000000000e+00
0.000000000000000000e+00	0.000000000000000000e+00	0.000000000000000000e+00	0.000000000000000000e+00	0.000000000000000000e+00	0.000000000000000000e+00	0.000000000000000000e+00
0.000000000000000000e+00	0.000000000000000000e+00	0.000000000000000000e+00	0.000000000000000000e+00	0.000000000000000000e+00	0.000000000000000000e+00	0.000000000000000000e+00
0.000000000000000000e+00	0.000000000000000000e+00	0.000000000000000000e+00	0.000000000000000000e+00	0.000000000000000000e+00	0.000000000000000000e+00	0.000000000000000000e+00
0.000000000000000000e+00	0.000000000000000000e+00	0.000000000000000000e+00	0.000000000000000000e+00	0.000000000000000000e+00	0.000000000000000000e+00	0.000000000000000000e+00
0.000000000000000000e+00	0.000000000000000000e+00	0.000000000000000000e+00	0.000000000000000000e+00	0.000000000000000000e+00	0.000000000000000000e+00	0.000000000000000000e+00
1.312950900235155666e+20	6.669323333333335096e+21	9.101929999999999166e-01	5.352250000000000322e+01	6.000000000000000000e+01	5.500000000000000000e+01	3.162665593559636060e+05
6.656539015935633390e+20	9.656663333333333311e+21	9.526213333333335090e-01	5.352250000000000322e+01	6.000000000000000000e+01	5.500000000000000000e+01	3.656959916996595992e+05
6.315905999519901636e+21	2.099169999999999969e+22	1.110999999999999966e+00	5.352250000000000322e+01	6.000000000000000000e+01	5.500000000000000000e+01	6.393613969669206069e+05
1.690999035059699655e+23	5.595591000000000399e+23	1.559665000000000059e+00	5.352250000000000322e+01	6.000000000000000000e+01	5.500000000000000000e+01	6.626963993519365926e+05
1.699939366956955932e+23	2.656260000000000196e+23	2.251969999999999959e+00	5.352250000000000322e+01	6.000000000000000000e+01	5.500000000000000000e+01	6.133992092651621520e+05
2.935956269236561551e+22	1.953963999999999995e+22	5.299931259999999692e+01	5.352250000000000322e+01	6.000000000000000000e+01	5.500000000000000000e+01	3.323929996263109095e+05
6.009066650996963596e+20	1.596902519265915125e+20	9.595251526591526953e+01	5.352250000000000322e+01	6.000000000000000000e+01	5.500000000000000000e+01	1.266559529999561599e+05
