# Target erosion - inner     : ITER#2258_(F57-f2-NF-Ne-Be0,_tau=0.17e-6,_ntime=150)                            
#           x	   Sput_net	 Sput_gross	   Ersn_net	 Ersn_gross	 D_flux_atm	 D_flux_ion	 C_flux_atm	 C_flux_ion	    T_atm_D	 He_flx_atm	 He_flx_ion	   T_atm_He	  pr_atm_He	   pr_atm_D	        xMP	
 -8.9207E-02	  0.0000E+00	  0.0000E+00	  0.0000E+00	  0.0000E+00	  4.5189E+21	  1.7325E+20	  0.0000E+00	  0.0000E+00	  4.7458E-01	  1.7624E+21	  2.7810E+18	  1.1116E-01	  1.8877E-01	  2.4252E-01	 -3.1233E-01	
 -7.9142E-02	  0.0000E+00	  0.0000E+00	  0.0000E+00	  0.0000E+00	  2.0095E+22	  3.6864E+20	  0.0000E+00	  0.0000E+00	  3.4512E-01	  1.4382E+21	  4.3668E+18	  1.2734E-01	  1.5777E-01	  1.3960E+00	 -2.9284E-01	
 -6.9145E-02	  0.0000E+00	  0.0000E+00	  0.0000E+00	  0.0000E+00	  9.0386E+21	  8.8146E+20	  0.0000E+00	  0.0000E+00	  2.2565E-01	  4.1700E+20	  7.1711E+18	  1.5223E-01	  4.7927E-02	  4.2429E-01	 -2.7247E-01	
 -5.9352E-02	  0.0000E+00	  0.0000E+00	  0.0000E+00	  0.0000E+00	  9.0601E+21	  1.6753E+21	  0.0000E+00	  0.0000E+00	  3.2721E-01	  7.9553E+20	  9.6968E+18	  1.8520E-01	  8.4179E-02	  5.2595E-01	 -2.5118E-01	
 -4.9897E-02	  0.0000E+00	  0.0000E+00	  0.0000E+00	  0.0000E+00	  2.0127E+22	  3.3953E+21	  0.0000E+00	  0.0000E+00	  1.9286E-01	  6.4498E+20	  1.4914E+19	  1.3693E-01	  9.0746E-02	  5.8362E-01	 -2.2926E-01	
 -4.0831E-02	  0.0000E+00	  0.0000E+00	  0.0000E+00	  0.0000E+00	  2.6615E+22	  6.1220E+21	  0.0000E+00	  0.0000E+00	  4.9567E-01	  4.6501E+20	  2.3416E+19	  2.1138E-01	  5.3769E-02	  2.0245E+00	 -2.0660E-01	
 -3.2328E-02	  0.0000E+00	  0.0000E+00	  0.0000E+00	  0.0000E+00	  2.2185E+22	  1.0895E+22	  0.0000E+00	  0.0000E+00	  4.1669E-01	  4.6902E+20	  3.9270E+19	  3.6413E-01	  1.5146E-01	  3.7237E+00	 -1.8280E-01	
 -2.4505E-02	  0.0000E+00	  0.0000E+00	  0.0000E+00	  0.0000E+00	  4.6686E+22	  1.6084E+22	  0.0000E+00	  0.0000E+00	  5.6774E-01	  3.9742E+20	  5.8646E+19	  3.3850E-01	  7.8107E-02	  7.4262E+00	 -1.5826E-01	
 -1.7383E-02	  0.0000E+00	  0.0000E+00	  0.0000E+00	  0.0000E+00	  2.9116E+22	  1.8902E+22	  0.0000E+00	  0.0000E+00	  6.2440E-01	  4.1082E+20	  7.4354E+19	  3.1600E-01	  1.3296E-01	  7.8909E+00	 -1.3259E-01	
 -1.1117E-02	  0.0000E+00	  0.0000E+00	  0.0000E+00	  0.0000E+00	  7.3339E+22	  2.2933E+22	  0.0000E+00	  0.0000E+00	  5.2215E-01	  4.2880E+20	  9.8494E+19	  3.3815E-01	  1.4789E-01	  1.2157E+01	 -1.0533E-01	
 -5.8966E-03	  0.0000E+00	  0.0000E+00	  0.0000E+00	  0.0000E+00	  6.0761E+22	  2.5141E+22	  0.0000E+00	  0.0000E+00	  5.8822E-01	  7.2179E+20	  1.1907E+20	  4.5425E-01	  3.1411E-01	  2.9198E+01	 -7.5845E-02	
 -1.7791E-03	  0.0000E+00	  0.0000E+00	  0.0000E+00	  0.0000E+00	  1.0000E+23	  2.2806E+22	  0.0000E+00	  0.0000E+00	  5.8705E-01	  5.8651E+20	  1.1896E+20	  4.6009E-01	  3.4441E-01	  4.9374E+01	 -3.0153E-02	
  3.6125E-03	  0.0000E+00	  0.0000E+00	  0.0000E+00	  0.0000E+00	  3.1081E+23	  5.1985E+22	  0.0000E+00	  0.0000E+00	  5.5511E-01	  1.7061E+21	  3.1733E+20	  5.4672E-01	  5.9712E-01	  8.6604E+01	  6.1971E-04	
  1.2733E-02	  0.0000E+00	  0.0000E+00	  0.0000E+00	  0.0000E+00	  7.1667E+23	  8.8479E+22	  0.0000E+00	  0.0000E+00	  6.7058E-01	  3.6332E+21	  7.3136E+20	  4.5090E-01	  6.6978E-01	  1.1451E+02	  2.1642E-03	
  2.5397E-02	  0.0000E+00	  0.0000E+00	  0.0000E+00	  0.0000E+00	  9.6224E+23	  1.4716E+23	  0.0000E+00	  0.0000E+00	  7.3563E-01	  4.9291E+21	  1.2789E+21	  4.9325E-01	  6.1139E-01	  1.3401E+02	  4.2763E-03	
  4.1503E-02	  0.0000E+00	  0.0000E+00	  0.0000E+00	  0.0000E+00	  7.0650E+23	  2.8922E+23	  0.0000E+00	  0.0000E+00	  8.4232E-01	  1.8404E+21	  5.8949E+20	  6.0884E-01	  2.2471E-01	  8.3205E+01	  6.8957E-03	
  6.1018E-02	  0.0000E+00	  0.0000E+00	  0.0000E+00	  0.0000E+00	  6.9852E+23	  3.5592E+23	  0.0000E+00	  0.0000E+00	  1.1769E+00	  7.4508E+20	  3.9661E+20	  7.8027E-01	  1.4269E-01	  8.7582E+01	  9.9789E-03	
  8.3767E-02	  0.0000E+00	  0.0000E+00	  0.0000E+00	  0.0000E+00	  3.7879E+23	  3.3711E+23	  0.0000E+00	  0.0000E+00	  1.3424E+00	  4.9177E+20	  5.1992E+20	  6.5330E-01	  6.2944E-02	  5.2697E+01	  1.3474E-02	
  1.0980E-01	  0.0000E+00	  0.0000E+00	  0.0000E+00	  0.0000E+00	  4.9346E+23	  2.8358E+23	  0.0000E+00	  0.0000E+00	  1.5360E+00	  3.7696E+20	  5.5501E+20	  8.0216E-01	  7.1744E-02	  4.0488E+01	  1.7329E-02	
  1.3919E-01	  0.0000E+00	  0.0000E+00	  0.0000E+00	  0.0000E+00	  2.7551E+23	  2.4797E+23	  0.0000E+00	  0.0000E+00	  1.6869E+00	  4.3017E+20	  5.9688E+20	  5.6034E-01	  5.7861E-02	  2.5708E+01	  2.1493E-02	
  1.7203E-01	  0.0000E+00	  0.0000E+00	  0.0000E+00	  0.0000E+00	  3.2459E+23	  1.8880E+23	  0.0000E+00	  0.0000E+00	  1.6881E+00	  2.3869E+20	  5.2525E+20	  4.6723E-01	  3.4383E-02	  2.1749E+01	  2.5914E-02	
  2.0861E-01	  0.0000E+00	  0.0000E+00	  0.0000E+00	  0.0000E+00	  2.9180E+23	  1.4461E+23	  0.0000E+00	  0.0000E+00	  2.3762E+00	  1.7401E+20	  4.0467E+20	  7.3110E-01	  2.3030E-02	  2.2497E+01	  3.0544E-02	
  2.4939E-01	  0.0000E+00	  0.0000E+00	  0.0000E+00	  0.0000E+00	  2.4920E+23	  1.0529E+23	  0.0000E+00	  0.0000E+00	  2.0748E+00	  1.0920E+20	  2.7187E+20	  5.6889E-01	  1.2909E-02	  1.8405E+01	  3.5332E-02	
  2.9510E-01	  0.0000E+00	  0.0000E+00	  0.0000E+00	  0.0000E+00	  8.8554E+22	  7.0389E+22	  0.0000E+00	  0.0000E+00	  3.4562E+00	  1.2320E+20	  1.7117E+20	  2.8881E-01	  7.7749E-03	  9.5346E+00	  4.0222E-02	
  3.4343E-01	  0.0000E+00	  0.0000E+00	  0.0000E+00	  0.0000E+00	  7.2166E+22	  4.8111E+22	  0.0000E+00	  0.0000E+00	  2.5711E+00	  1.8538E+19	  1.0472E+20	  7.9864E-01	  6.8863E-03	  4.3067E+00	  4.5163E-02	
  3.9314E-01	  0.0000E+00	  0.0000E+00	  0.0000E+00	  0.0000E+00	  3.2820E+22	  2.9937E+22	  0.0000E+00	  0.0000E+00	  3.8412E+00	  1.1415E+19	  5.4077E+19	  1.9155E+00	  3.6663E-03	  2.4153E+00	  5.0109E-02	
  4.5274E-01	  0.0000E+00	  0.0000E+00	  0.0000E+00	  0.0000E+00	  5.2509E+22	  2.1035E+22	  0.0000E+00	  0.0000E+00	  4.5665E+00	  1.8674E+19	  3.2334E+19	  3.0507E-01	  7.7337E-04	  2.7009E+00	  5.5033E-02	
  5.3770E-01	  0.0000E+00	  0.0000E+00	  0.0000E+00	  0.0000E+00	  1.3128E+22	  1.3919E+22	  0.0000E+00	  0.0000E+00	  6.8284E+00	  0.0000E+00	  1.6740E+19	  3.1334E-01	  4.9726E-04	  4.8517E-01	  5.9872E-02	
  6.4395E-01	  0.0000E+00	  0.0000E+00	  0.0000E+00	  0.0000E+00	  0.0000E+00	  9.0251E+21	  0.0000E+00	  0.0000E+00	  6.2414E+12	  0.0000E+00	  9.1437E+18	  6.2414E+12	  0.0000E+00	  0.0000E+00	  6.4548E-02	
  7.4016E-01	  0.0000E+00	  0.0000E+00	  0.0000E+00	  0.0000E+00	  0.0000E+00	  5.7609E+21	  0.0000E+00	  0.0000E+00	  6.2414E+12	  0.0000E+00	  4.6691E+18	  6.2414E+12	  0.0000E+00	  0.0000E+00	  6.9010E-02	
  8.1488E-01	  0.0000E+00	  0.0000E+00	  0.0000E+00	  0.0000E+00	  4.1323E+18	  3.8098E+21	  0.0000E+00	  0.0000E+00	  5.1577E+00	  0.0000E+00	  2.6274E+18	  5.3315E-02	  1.1934E-04	  1.1050E-01	  7.3205E-02	
  8.6904E-01	  0.0000E+00	  0.0000E+00	  0.0000E+00	  0.0000E+00	  6.5791E+21	  2.3538E+21	  0.0000E+00	  0.0000E+00	  5.5377E+00	  0.0000E+00	  1.3562E+18	  6.2414E+12	  0.0000E+00	  1.8753E+00	  7.7098E-02	
  9.0820E-01	  0.0000E+00	  0.0000E+00	  0.0000E+00	  0.0000E+00	  4.1321E+18	  1.6599E+21	  0.0000E+00	  0.0000E+00	  1.1007E+01	  0.0000E+00	  7.4443E+17	  6.2414E+12	  0.0000E+00	  4.6357E-04	  8.0638E-02	
  9.4270E-01	  0.0000E+00	  0.0000E+00	  0.0000E+00	  0.0000E+00	  0.0000E+00	  9.8419E+20	  0.0000E+00	  0.0000E+00	  6.2414E+12	  7.3535E+14	  4.5176E+17	  9.0804E-02	  9.7700E-09	  0.0000E+00	  8.3756E-02	
  9.6782E-01	  0.0000E+00	  0.0000E+00	  0.0000E+00	  0.0000E+00	  8.2634E+18	  4.9941E+20	  0.0000E+00	  0.0000E+00	  1.2027E+00	  0.0000E+00	  2.0904E+17	  6.2414E+12	  0.0000E+00	  8.2981E-04	  8.6393E-02	
  9.8445E-01	  0.0000E+00	  0.0000E+00	  0.0000E+00	  0.0000E+00	  0.0000E+00	  1.6843E+20	  0.0000E+00	  0.0000E+00	  6.2414E+12	  6.3244E+15	  6.8924E+16	  4.4354E-01	  6.5740E-07	  0.0000E+00	  8.8497E-02	
