Bin_Index,Flux_Ion,Flux_Atom,E_ion,E_atom,alpha_ion,alpha_atom,heat_total,heat_ion
0,2.021219580000000000e+13,1.121937980000000000e+19,2.125080400000000314e+00,2.960872200000000021e+01,7.000000000000000000e+01,5.500000000000000000e+01,1.123713169999999991e+03,0.000000000000000000e+00
1,1.813736400000000000e+14,5.173572600000000000e+18,2.276730599999999605e+00,2.906297599999999903e+01,7.000000000000000000e+01,5.500000000000000000e+01,7.114055919999999560e+02,0.000000000000000000e+00
2,2.043945956666666800e+16,2.538313665000000000e+18,5.249675666666667517e+00,2.680962166666667201e+01,7.000000000000000000e+01,5.500000000000000000e+01,3.399374105500000383e+02,3.560105000000000214e-02
3,1.014841700000000000e+16,3.364668666666666880e+17,8.803655999999998372e+00,5.929296133333333074e+01,7.000000000000000000e+01,5.500000000000000000e+01,1.792830052000000194e+02,8.842519999999999547e-02
4,7.902717200000000000e+15,3.764182200000000000e+17,7.732346999999999859e+00,5.409573199999999815e+01,7.000000000000000000e+01,5.500000000000000000e+01,1.372944079999999758e+02,0.000000000000000000e+00
5,1.982255000000000000e+15,2.122697000000000000e+18,5.354388000000000147e+00,1.227595266666666696e+01,7.000000000000000000e+01,5.500000000000000000e+01,1.729605599999999868e+02,0.000000000000000000e+00
6,5.245941733333333120e+17,5.240748166666667008e+18,7.735651166666666079e+00,8.871233166666668168e+00,7.000000000000000000e+01,5.500000000000000000e+01,2.820514996666666434e+02,1.379552999999999807e+00
7,1.090750425000000102e+19,7.306910624999999488e+18,1.857043249999999901e+01,8.669586000000000681e+00,7.000000000000000000e+01,5.500000000000000000e+01,5.739442712500000425e+02,1.621463375000000156e+02
8,7.870692000000000000e+18,7.018024285714285568e+18,1.446638271428571265e+01,1.125605371428571289e+01,7.000000000000000000e+01,5.500000000000000000e+01,5.417397294285714224e+02,7.886217228571429416e+01
9,7.019155666666666400e+16,8.752296333333334016e+18,7.390050999999999704e+00,1.083171666666666688e+01,7.000000000000000000e+01,5.500000000000000000e+01,5.618708343532333060e+02,2.018676865666666487e-01
10,7.781328600000000000e+16,8.710822800000000000e+18,7.487100599999999773e+00,1.217029600000000045e+01,7.000000000000000000e+01,5.500000000000000000e+01,5.768822992999600388e+02,7.929996000000000028e-05
11,2.372321375000000000e+15,2.099493000000000000e+18,2.755933500000000258e+00,1.662266749999999860e+01,7.000000000000000000e+01,5.500000000000000000e+01,3.170813699999999926e+02,0.000000000000000000e+00
12,1.529234650000000000e+14,7.894506750000000000e+17,1.631769750000000130e+00,1.597479749999999932e+01,7.000000000000000000e+01,5.500000000000000000e+01,2.387606400000000235e+02,0.000000000000000000e+00
13,3.721786500000000000e+14,2.463652200000000000e+17,2.231321600000000238e+00,2.438255000000000194e+01,7.000000000000000000e+01,5.500000000000000000e+01,1.913353795439999772e+02,5.594399999999999922e-05
14,7.060226666666666250e+14,1.953982383333333440e+17,5.462514166666665894e+00,3.186988499999999647e+01,7.000000000000000000e+01,5.500000000000000000e+01,1.887539015738333319e+02,1.695240499999999722e-03
15,2.405028000000000000e+16,5.612537200000000000e+17,5.127900999999999598e+00,3.632899740000000577e+01,7.000000000000000000e+01,5.500000000000000000e+01,1.744734626008279861e+02,5.679800827999999767e-03
16,2.729078833333333200e+16,2.083372000000000000e+18,8.156980166666665255e+00,3.336516499999999752e+01,7.000000000000000000e+01,5.500000000000000000e+01,3.353611366339583242e+02,1.370983006250000302e-01
17,3.837679077777777664e+18,5.369231433333332992e+18,1.348151533333333241e+01,3.836384777777778510e+01,7.000000000000000000e+01,5.500000000000000000e+01,7.080085597777778048e+02,2.957439311111111024e+01
18,1.230508949166666711e+20,5.502426916666667008e+19,2.488253416666666240e+01,1.809984999999999644e+01,7.000000000000000000e+01,5.500000000000000000e+01,5.092936661666667078e+03,2.248504080000000158e+03
19,1.610908649999999959e+20,7.617526750000000205e+19,3.730522999999999456e+01,1.601697999999999666e+01,7.000000000000000000e+01,5.500000000000000000e+01,5.662975250000000415e+03,3.616513524999999845e+03
20,1.543875769230769193e+20,1.226864069230769111e+20,3.950514153846153675e+01,1.820223846153846026e+01,7.000000000000000000e+01,5.500000000000000000e+01,7.259302107692308709e+03,3.691001307692308274e+03
21,2.538928800000000000e+20,2.849716999999999508e+20,3.985329300000000075e+01,1.656959300000000113e+01,7.000000000000000000e+01,5.500000000000000000e+01,1.001068760000000111e+04,7.086956199999999626e+03
22,5.135647999999999345e+20,5.930671166666666148e+20,5.051843833333332867e+01,1.453594333333333388e+01,7.000000000000000000e+01,5.500000000000000000e+01,1.822440883333333477e+04,1.335984900000000016e+04
23,1.095943924999999980e+21,8.338201249999999468e+20,5.119138999999999839e+01,1.298395500000000169e+01,7.000000000000000000e+01,5.500000000000000000e+01,3.574147694999999658e+04,3.042865499999999884e+04
24,1.925892250000000025e+21,1.227054049999999992e+21,5.247259999999999991e+01,1.240113749999999904e+01,7.000000000000000000e+01,5.500000000000000000e+01,5.983921249999999418e+04,5.180704000000000087e+04
25,3.153963500000000344e+21,1.719983499999999951e+21,5.512654500000000013e+01,1.176755999999999958e+01,7.000000000000000000e+01,5.500000000000000000e+01,1.096971034999999974e+05,1.053671799999999930e+05
26,5.594502499999999328e+21,2.650109000000000229e+21,5.997248999999999342e+01,1.178397499999999987e+01,7.000000000000000000e+01,5.500000000000000000e+01,2.071568585000000021e+05,2.055376500000000233e+05
27,1.053304333333333593e+22,5.537251666666666852e+21,5.838856666666666939e+01,1.122003999999999913e+01,7.000000000000000000e+01,5.500000000000000000e+01,5.515494149999999790e+05,5.618674666666666162e+05
28,3.918937000000000675e+22,1.538911600000000170e+22,5.368381666666667229e+01,8.205043333333334132e+00,7.000000000000000000e+01,5.500000000000000000e+01,1.358662983333333163e+06,1.423550199999999953e+06
29,1.105627366666666697e+23,5.992807333333332656e+22,5.232727666666666444e+00,5.305134999999999934e+00,7.000000000000000000e+01,5.500000000000000000e+01,8.583930136666666949e+05,1.003124166666666628e+06
30,8.399181333333333246e+21,1.632830666666666885e+22,1.774997666666666696e+00,2.351414333333333495e+00,7.000000000000000000e+01,5.500000000000000000e+01,5.438553400000000693e+04,3.614723000000000320e+04
31,7.139710849999999795e+19,1.134793628571428664e+22,2.647701928571428720e+00,2.177350500000000189e+00,7.000000000000000000e+01,5.500000000000000000e+01,1.394101501857142648e+04,3.507768685714285652e+02
32,3.967251612500000640e+17,2.246927749999999792e+22,3.427687000000000150e+00,2.842583500000000374e+00,7.000000000000000000e+01,5.500000000000000000e+01,5.397039422250000644e+04,3.304222499999999840e+00
33,1.355213192222222250e+15,8.490473777777778622e+21,3.540484111111110721e+00,3.107137777777777998e+00,7.000000000000000000e+01,5.500000000000000000e+01,2.301616400000000067e+04,0.000000000000000000e+00
34,0.000000000000000000e+00,0.000000000000000000e+00,0.000000000000000000e+00,0.000000000000000000e+00,0.000000000000000000e+00,0.000000000000000000e+00,0.000000000000000000e+00,0.000000000000000000e+00
35,3.264286949999999795e+19,3.135872499999999787e+21,1.864628249999999987e+00,2.371640750000000075e+00,7.000000000000000000e+01,5.500000000000000000e+01,7.230361660749999828e+03,1.051359107499999936e+02
36,2.111948000000000000e+18,1.158878000000000066e+21,2.192864000000000146e+00,2.557735000000000092e+00,7.000000000000000000e+01,5.500000000000000000e+01,2.102687425000000076e+03,5.640424999999999578e+00
37,1.015082400000000000e+18,7.772173499999999754e+20,2.232072999999999752e+00,2.538484500000000033e+00,7.000000000000000000e+01,5.500000000000000000e+01,1.272570124999999962e+03,2.743425000000000225e+00
38,5.425728666666667008e+18,8.821883000000000819e+20,2.184734333333333556e+00,2.495570666666666604e+00,7.000000000000000000e+01,5.500000000000000000e+01,1.893600005333333456e+03,1.939717200000000119e+01
39,8.727877000000000000e+17,1.710395000000000033e+21,2.015857000000000010e+00,2.255033000000000065e+00,7.000000000000000000e+01,5.500000000000000000e+01,3.596804861000000074e+03,1.233861000000000097e+00
40,1.584728733333333606e+19,3.467438333333333344e+21,1.758213999999999944e+00,2.141678666666666953e+00,7.000000000000000000e+01,5.500000000000000000e+01,7.520958326666666835e+03,5.446265999999999963e+01
41,0.000000000000000000e+00,0.000000000000000000e+00,0.000000000000000000e+00,0.000000000000000000e+00,0.000000000000000000e+00,0.000000000000000000e+00,0.000000000000000000e+00,0.000000000000000000e+00
42,1.019203770000000000e+15,7.568468166666667164e+21,2.868889166666666934e+00,2.389464499999999880e+00,7.000000000000000000e+01,5.500000000000000000e+01,1.229842316666666738e+04,0.000000000000000000e+00
43,3.034901350000000000e+17,1.258568816666666546e+22,2.761997333333333415e+00,2.523762333333333441e+00,7.000000000000000000e+01,5.500000000000000000e+01,2.532824382883333601e+04,1.119495499999999977e+00
44,1.502258101250000077e+19,2.426939749999999923e+22,2.453335999999999739e+00,2.452002624999999991e+00,7.000000000000000000e+01,5.500000000000000000e+01,5.275285089375000098e+04,7.739089375000000359e+01
45,5.054077000000000000e+19,2.508500000000000288e+22,1.981769250000000149e+00,2.270273500000000055e+00,7.000000000000000000e+01,5.500000000000000000e+01,3.821076459999999497e+04,2.499920999999999935e+02
46,5.270887500000000082e+20,2.047440500000000102e+22,1.554625000000000146e+00,2.168768000000000029e+00,7.000000000000000000e+01,5.500000000000000000e+01,3.292211599999999453e+04,1.632520999999999958e+03
47,1.040248399999999882e+22,1.948943666666666564e+22,1.586263666666666516e+00,2.135404999999999998e+00,7.000000000000000000e+01,5.500000000000000000e+01,5.946718599999999424e+04,3.833764433333333727e+04
48,1.310790524999999926e+23,7.883948500000000338e+22,7.317389250000000622e+00,5.582091499999999762e+00,7.000000000000000000e+01,5.500000000000000000e+01,1.389906477499999804e+06,1.445170300000000047e+06
49,3.320643666666666643e+22,1.137338599999999993e+22,3.175465999999999767e+01,8.745970333333334068e+00,7.000000000000000000e+01,5.500000000000000000e+01,1.069439629999999888e+06,1.118615699999999953e+06
50,1.126802849999999939e+22,5.130615000000000164e+21,3.061359749999999735e+01,8.259970250000002068e+00,7.000000000000000000e+01,5.500000000000000000e+01,3.240625207500000251e+05,3.326977000000000116e+05
51,5.344446000000000328e+21,1.849495666666666459e+21,2.727791000000000210e+01,8.700116666666666276e+00,7.000000000000000000e+01,5.500000000000000000e+01,1.077420003333333443e+05,1.060888666666666541e+05
52,2.341695000000000164e+21,1.087728050000000057e+21,2.516544999999999987e+01,8.573106499999999741e+00,7.000000000000000000e+01,5.500000000000000000e+01,5.549896009999999660e+04,5.265464500000000407e+04
53,1.259409000000000098e+21,7.159225499999999099e+20,2.524257000000000062e+01,1.027832650000000037e+01,7.000000000000000000e+01,5.500000000000000000e+01,2.980900095000000147e+04,2.641094000000000233e+04
54,7.552783000000000164e+20,5.832910000000000328e+20,2.527155000000000129e+01,1.023362000000000016e+01,7.000000000000000000e+01,5.500000000000000000e+01,1.872236860000000161e+04,1.552292000000000007e+04
55,5.598958666666666885e+20,2.926848000000000000e+20,2.526830999999999960e+01,1.049377666666666720e+01,7.000000000000000000e+01,5.500000000000000000e+01,1.070177700000000004e+04,7.764408999999999651e+03
56,2.330407499999999754e+20,2.199668285124999905e+20,2.522795500000000146e+01,1.108433275000000151e+01,7.000000000000000000e+01,5.500000000000000000e+01,7.097122706250000192e+03,3.833893624999999702e+03
57,1.377862916666666516e+20,1.732892416666666598e+20,2.508693333333333797e+01,1.293711750000000116e+01,7.000000000000000000e+01,5.500000000000000000e+01,5.235794495833332803e+03,2.730048666666667032e+03
58,1.063882209090909143e+20,1.099911927272727511e+20,2.476578272727272534e+01,1.633840363636363691e+01,7.000000000000000000e+01,5.500000000000000000e+01,5.312303636363636542e+03,1.923672181818181798e+03
59,8.735289666666666394e+19,7.580334999999999181e+19,2.334197333333333191e+01,2.072813666666666776e+01,7.000000000000000000e+01,5.500000000000000000e+01,5.042530533333333096e+03,1.534279999999999973e+03
60,8.407278666666667213e+19,5.928300999999999181e+19,2.123302666666666383e+01,1.879919333333333498e+01,7.000000000000000000e+01,5.500000000000000000e+01,3.178042066666666415e+03,1.325415333333333365e+03
61,5.031086333333333606e+19,3.319668666666666803e+19,1.619826000000000121e+01,2.495682666666666805e+01,7.000000000000000000e+01,5.500000000000000000e+01,2.680249666666667054e+03,5.364130333333333169e+02
62,5.468544624999999488e+18,1.828923250000000000e+19,8.738334000000000046e+00,5.351531749999999477e+01,7.000000000000000000e+01,5.500000000000000000e+01,1.321064901749999990e+03,5.075603925000000061e+01
63,2.951257900000000000e+16,8.004196333333332992e+18,3.822626333333333459e+00,3.392297666666666345e+01,7.000000000000000000e+01,5.500000000000000000e+01,7.656637566666666999e+02,0.000000000000000000e+00
